Date,Open,High,Low,Close,Volume
1998-03-23,0.0,36.0,36.0,36.0,500
1998-03-24,0.0,37.375,36.5,37.375,54400
1998-03-25,0.0,37.9376,37.5,37.9376,13000
1998-03-26,0.0,37.75,37.3126,37.75,35500
1998-03-27,0.0,37.625,36.375,36.875,395000
1998-03-30,0.0,36.8126,35.75,35.9376,179400
1998-03-31,0.0,36.4376,35.5,35.8126,300500
1998-04-01,0.0,35.125,33.75,34.875,468400
1998-04-02,0.0,36.625,34.875,36.5,487800
1998-04-03,0.0,37.25,35.75,37.0626,357500
1998-04-06,0.0,37.1876,36.0,36.0,194700
1998-04-07,0.0,36.25,34.5,35.3126,706800
1998-04-08,0.0,35.5,34.5626,35.1876,280600
1998-04-09,0.0,36.0626,34.5,34.5,331500
1998-04-13,0.0,34.625,33.75,34.625,586300
1998-04-14,0.0,36.25,34.75,36.1876,735300
1998-04-15,0.0,37.25,36.5,37.1876,278200
1998-04-16,0.0,37.125,35.0626,35.1876,197100
1998-04-17,0.0,35.3126,34.1876,34.375,367500
1998-04-20,0.0,34.375,33.4376,33.4376,269000
1998-04-21,0.0,33.9376,31.75,31.75,384700
1998-04-22,0.0,32.5,31.75,32.3126,568100
1998-04-23,0.0,32.125,31.5,32.125,455000
1998-04-24,0.0,32.625,32.0,32.5,402100
1998-04-27,0.0,32.625,32.0,32.5,401700
1998-04-28,0.0,33.75,32.5,33.3126,142400
1998-04-29,0.0,33.5626,32.875,33.125,442000
1998-04-30,0.0,33.25,32.0,32.0,927200
1998-05-01,0.0,33.5,32.0,33.375,438300
1998-05-04,0.0,34.4376,34.0,34.25,215500
1998-05-05,0.0,34.25,34.0,34.25,106200
1998-05-06,0.0,34.5,33.0,33.0,346600
1998-05-07,0.0,32.875,31.875,32.0,405300
1998-05-08,0.0,32.75,32.0,32.25,283000
1998-05-11,0.0,32.4376,31.5,31.625,491200
1998-05-12,0.0,31.8126,30.5,30.5,589100
1998-05-13,0.0,33.25,30.75,32.9376,1027800
1998-05-14,0.0,32.875,31.875,32.75,166000
1998-05-15,0.0,33.5,32.3126,33.1876,177400
1998-05-18,0.0,34.0,33.3126,33.5,251300
1998-05-19,0.0,34.0,33.375,33.4376,202200
1998-05-20,0.0,35.4376,33.6876,35.375,304100
1998-05-21,0.0,35.3126,34.25,34.375,283100
1998-05-22,0.0,34.5,33.9376,33.9376,249500
1998-05-26,0.0,34.375,33.6876,33.6876,505200
1998-05-27,0.0,34.8126,33.5626,34.4376,265700
1998-05-28,0.0,34.6876,34.125,34.4376,257400
1998-05-29,0.0,35.0,34.5,34.75,503400
1998-06-01,0.0,35.5,34.125,34.8126,353600
1998-06-02,0.0,35.0,34.0,34.1876,234000
1998-06-03,0.0,34.5,33.875,34.1876,355000
1998-06-04,0.0,34.9376,33.5626,34.9376,417400
1998-06-05,0.0,35.1876,34.8126,35.0,406200
1998-06-08,0.0,35.125,33.4376,33.5626,426600
1998-06-09,0.0,33.0626,32.4376,32.4376,478500
1998-06-10,0.0,32.875,31.9376,32.0626,668700
1998-06-11,0.0,32.4376,31.625,31.75,371600
1998-06-12,0.0,32.375,31.5626,32.0,427200
1998-06-15,0.0,31.9376,31.125,31.125,299300
1998-06-16,0.0,32.75,31.25,32.125,326500
1998-06-17,0.0,32.75,32.0626,32.0626,871100
1998-06-18,0.0,32.125,31.5,31.5,353200
1998-06-19,0.0,31.5,31.0626,31.125,379800
1998-06-22,0.0,32.0,30.0,30.125,402100
1998-06-23,0.0,31.5626,30.5,31.4376,519100
1998-06-24,0.0,31.75,30.9376,31.75,679900
1998-06-25,0.0,31.75,31.1876,31.1876,394900
1998-06-26,0.0,31.4376,30.9376,31.3126,587500
1998-06-29,0.0,32.0,31.5626,31.75,368600
1998-06-30,0.0,32.375,31.3126,32.375,821000
1998-07-01,0.0,32.875,31.8126,32.1876,584500
1998-07-02,0.0,32.1876,31.5626,31.625,243500
1998-07-06,0.0,32.25,31.5626,32.0,359400
1998-07-07,0.0,32.0626,31.4376,31.8126,3923100
1998-07-08,0.0,33.0,32.0626,32.9376,802700
1998-07-09,0.0,32.9376,32.75,32.75,675000
1998-07-10,0.0,32.9376,32.625,32.75,688300
1998-07-13,0.0,32.8126,32.25,32.5626,520600
1998-07-14,0.0,32.625,32.25,32.4376,790600
1998-07-15,0.0,32.5,31.5,31.625,1955500
1998-07-16,0.0,32.25,31.8126,31.9376,484800
1998-07-17,0.0,32.0,31.625,31.875,1495400
1998-07-20,0.0,32.3126,31.75,32.3126,903600
1998-07-21,0.0,32.5626,31.75,31.75,601700
1998-07-22,0.0,33.6876,31.8126,33.6876,1025300
1998-07-23,0.0,33.5,32.4376,32.5,295600
1998-07-24,0.0,32.6876,31.625,32.125,278300
1998-07-27,0.0,34.0,31.75,34.0,401900
1998-07-28,0.0,34.25,33.625,34.125,421600
1998-07-29,0.0,34.5,32.875,33.25,399100
1998-07-30,0.0,33.3126,32.75,32.875,219900
1998-07-31,0.0,33.625,32.1876,32.5,240200
1998-08-03,0.0,33.125,32.375,32.5,576200
1998-08-04,0.0,33.3126,32.5626,32.625,608100
1998-08-05,0.0,33.125,31.9376,32.625,489700
1998-08-06,0.0,32.875,31.75,31.875,588500
1998-08-07,0.0,32.0626,31.6876,32.0,828500
1998-08-10,0.0,33.375,32.6876,33.0,410700
1998-08-11,0.0,32.9376,32.125,32.3126,351200
1998-08-12,0.0,32.875,32.1876,32.875,207400
1998-08-13,0.0,33.25,32.375,32.5626,164200
1998-08-14,0.0,33.6876,32.75,33.375,284500
1998-08-17,0.0,33.3126,32.125,32.4376,408800
1998-08-18,0.0,33.6876,32.375,33.5626,438500
1998-08-19,0.0,33.75,32.25,32.5626,269200
1998-08-20,0.0,33.75,32.5626,33.3126,330600
1998-08-21,0.0,33.0,32.0626,33.0,381900
1998-08-24,0.0,33.9376,33.25,33.625,355500
1998-08-25,0.0,33.9376,32.5,32.5,866000
1998-08-26,0.0,32.5,31.75,31.8126,596000
1998-08-27,0.0,31.9376,31.1876,31.25,464700
1998-08-28,0.0,31.8126,31.1876,31.3126,258800
1998-08-31,0.0,31.3126,27.4376,28.0626,1055800
1998-09-01,0.0,28.5,26.3126,27.0,817400
1998-09-02,0.0,27.4376,26.875,26.875,1860000
1998-09-03,0.0,26.1876,24.625,26.0,920100
1998-09-04,0.0,26.8126,26.0,26.5626,314600
1998-09-08,0.0,27.375,26.375,27.375,336300
1998-09-09,0.0,27.3126,26.875,27.1876,471500
1998-09-10,0.0,27.4376,26.4376,26.9376,465700
1998-09-11,0.0,27.5,26.75,27.125,357500
1998-09-14,0.0,27.625,27.125,27.125,159800
1998-09-15,0.0,27.1876,26.5626,26.875,519600
1998-09-16,0.0,27.0,25.625,25.75,966600
1998-09-17,0.0,25.8126,25.375,25.625,818800
1998-09-18,0.0,26.5,25.75,26.0,430400
1998-09-21,0.0,26.4376,25.5,25.875,406700
1998-09-22,0.0,26.5626,25.75,25.875,505200
1998-09-23,0.0,26.9376,25.875,26.875,343800
1998-09-24,0.0,26.875,25.9376,26.0626,660400
1998-09-25,0.0,26.1876,25.375,25.5,397000
1998-09-28,0.0,26.0,25.5,25.6876,573400
1998-09-29,0.0,25.6876,24.4376,24.4376,2702700
1998-09-30,0.0,24.8126,23.875,23.875,1277100
1998-10-01,0.0,23.1876,21.5,21.875,1147900
1998-10-02,0.0,22.875,21.9376,22.3126,761300
1998-10-05,0.0,22.875,22.25,22.25,1853600
1998-10-06,0.0,22.3126,19.375,19.875,3564700
1998-10-07,0.0,20.9376,19.8126,20.875,1585900
1998-10-08,0.0,20.875,19.9376,20.5626,1348300
1998-10-09,0.0,21.25,20.0,20.1876,1008900
1998-10-12,0.0,21.875,20.375,21.6876,758400
1998-10-13,0.0,23.0626,21.5626,22.875,565500
1998-10-14,0.0,24.5626,22.625,24.0,599000
1998-10-15,0.0,24.625,23.4376,24.1876,854600
1998-10-16,0.0,26.1876,24.6876,25.625,835000
1998-10-19,0.0,26.5,25.3126,26.25,693000
1998-10-20,0.0,26.625,25.75,26.1876,292600
1998-10-21,0.0,26.25,24.9376,25.4376,428800
1998-10-22,0.0,25.625,25.125,25.4376,313800
1998-10-23,0.0,25.5,24.75,24.8126,992000
1998-10-26,0.0,25.0,24.375,24.75,279800
1998-10-27,0.0,25.875,24.875,25.625,547200
1998-10-28,0.0,26.0,25.0626,25.6876,311500
1998-10-29,0.0,26.3126,25.5626,26.0626,262100
1998-10-30,0.0,27.0,26.25,26.875,821700
1998-11-02,0.0,28.875,26.875,28.0626,676100
1998-11-03,0.0,28.875,27.1876,28.75,445100
1998-11-04,0.0,29.1876,27.25,28.0626,943900
1998-11-05,0.0,29.0,27.4376,28.9376,366300
1998-11-06,0.0,29.4376,28.75,29.25,354000
1998-11-09,0.0,29.125,28.3126,28.625,605300
1998-11-10,0.0,28.75,28.1876,28.5,300400
1998-11-11,0.0,28.6876,27.8126,28.0626,194300
1998-11-12,0.0,27.625,26.625,27.3126,904200
1998-11-13,0.0,28.0,27.25,27.875,533100
1998-11-16,0.0,28.875,28.0626,28.75,483500
1998-11-17,0.0,29.1876,28.5,28.6876,223400
1998-11-18,0.0,29.0,28.0,28.625,252100
1998-11-19,0.0,28.6876,28.3126,28.5626,190300
1998-11-20,0.0,29.4376,28.5626,29.4376,235000
1998-11-23,0.0,30.1876,29.3126,30.1876,284800
1998-11-24,0.0,30.25,29.0626,29.125,244600
1998-11-25,0.0,29.5,29.0626,29.4376,315700
1998-11-27,0.0,29.875,29.3126,29.625,50400
1998-11-30,0.0,29.5,28.875,29.375,359800
1998-12-01,0.0,29.375,28.9376,28.9376,538100
1998-12-02,0.0,29.1876,28.75,29.0626,202400
1998-12-03,0.0,29.1876,28.75,28.875,318200
1998-12-04,0.0,29.5,28.9376,29.4376,218900
1998-12-07,0.0,29.625,29.125,29.3126,215500
1998-12-08,0.0,29.875,29.1876,29.4376,256100
1998-12-09,0.0,29.4376,28.9376,29.4376,180300
1998-12-10,0.0,29.3126,28.8126,28.8126,266400
1998-12-11,0.0,29.1876,28.5626,29.1876,206200
1998-12-14,0.0,29.6876,28.4376,28.5,276400
1998-12-15,0.0,28.5,27.75,28.0,472600
1998-12-16,0.0,28.25,27.8126,28.0626,220800
1998-12-17,0.0,28.25,27.875,28.125,315900
1998-12-18,0.0,28.0626,27.75,27.8126,751100
1998-12-21,0.0,28.0626,26.75,27.0,509700
1998-12-22,0.0,28.625,26.875,28.625,353200
1998-12-23,0.0,29.5,28.5,29.3126,341500
1998-12-24,0.0,29.25,28.75,29.0,113600
1998-12-28,0.0,29.125,28.625,28.875,368000
1998-12-29,0.0,29.75,28.75,29.75,496600
1998-12-30,0.0,30.25,29.4376,30.0,261400
1998-12-31,0.0,30.1876,29.0,29.0,507100
1999-01-04,0.0,29.5,29.0,29.5,447700
1999-01-05,0.0,30.9376,29.3126,30.9376,532300
1999-01-06,0.0,32.5,31.0,32.0626,1128500
1999-01-07,0.0,32.625,31.125,32.5626,830700
1999-01-08,0.0,34.4376,32.625,34.0,877000
1999-01-11,0.0,34.875,33.6876,34.0,1030600
1999-01-12,0.0,34.0,33.25,33.4376,505300
1999-01-13,0.0,33.375,32.5,33.125,479800
1999-01-14,0.0,32.875,31.5626,31.5626,338700
1999-01-15,0.0,32.75,31.75,32.75,618000
1999-01-19,0.0,32.5,31.375,31.9376,614800
1999-01-20,0.0,32.5,31.75,32.375,556700
1999-01-21,0.0,32.875,31.75,31.9376,418100
1999-01-22,0.0,32.5,31.875,32.0,275400
1999-01-25,0.0,32.375,31.875,32.25,565700
1999-01-26,0.0,32.5,31.75,32.4376,366400
1999-01-27,0.0,32.875,32.0626,32.6876,293000
1999-01-28,0.0,33.3126,32.0,33.125,755100
1999-01-29,0.0,35.25,33.25,35.125,1403300
1999-02-01,0.0,34.9376,33.5,34.375,829600
1999-02-02,0.0,34.375,33.25,33.75,522800
1999-02-03,0.0,35.9376,33.5,35.6876,936800
1999-02-04,0.0,36.75,35.5,36.375,1280800
1999-02-05,0.0,37.0,35.875,36.5626,1095900
1999-02-08,0.0,37.8126,36.5626,37.0,1161300
1999-02-09,0.0,37.0,36.375,36.5,565400
1999-02-10,0.0,36.8126,36.0626,36.5,495500
1999-02-11,0.0,37.0626,36.125,37.0626,364800
1999-02-12,0.0,36.8126,35.5,35.8126,320100
1999-02-16,0.0,37.0,35.9376,36.8126,507600
1999-02-17,0.0,37.375,36.625,36.8126,631600
1999-02-18,0.0,39.5,37.0,39.125,918800
1999-02-19,0.0,39.6876,38.8126,39.6876,1146300
1999-02-22,0.0,39.9376,39.375,39.5,461500
1999-02-23,0.0,38.9376,37.875,38.25,1169700
1999-02-24,0.0,38.25,36.75,37.0,1014500
1999-02-25,0.0,36.8126,35.8126,36.3126,568100
1999-02-26,0.0,36.5626,35.75,36.0,430900
1999-03-01,0.0,35.75,35.375,35.5626,597000
1999-03-02,0.0,36.0,35.1876,35.25,336600
1999-03-03,0.0,35.5,34.6876,35.5,452600
1999-03-04,0.0,35.75,35.0626,35.375,601000
1999-03-05,0.0,36.6876,35.5626,36.5626,373500
1999-03-08,0.0,37.125,35.6876,36.3126,307800
1999-03-09,0.0,36.9376,35.875,36.0626,399500
1999-03-10,0.0,36.75,35.9376,36.375,255400
1999-03-11,0.0,38.125,36.75,38.0,451300
1999-03-12,0.0,39.0,37.9376,38.5626,375100
1999-03-15,0.0,38.875,38.0,38.25,507000
1999-03-16,0.0,39.0,37.9376,38.6876,324800
1999-03-17,0.0,39.0,38.375,38.8126,429600
1999-03-18,0.0,38.625,36.9376,36.9376,320000
1999-03-19,0.0,37.5626,36.4376,37.375,533000
1999-03-22,0.0,37.75,36.8126,37.375,289300
1999-03-23,0.0,37.25,35.1876,35.3126,433600
1999-03-24,0.0,35.875,35.3126,35.625,282300
1999-03-25,0.0,36.0,35.1876,35.1876,525100
1999-03-26,0.0,35.5,34.875,35.0,698300
1999-03-29,0.0,35.375,34.75,34.875,304800
1999-03-30,0.0,34.8126,34.25,34.375,244000
1999-03-31,0.0,34.75,33.5626,33.625,253300
1999-04-01,0.0,34.5626,33.625,34.5,605500
1999-04-05,0.0,34.875,33.5,34.25,471100
1999-04-06,0.0,34.125,33.0,33.75,927200
1999-04-07,0.0,34.875,33.75,34.5,401300
1999-04-08,0.0,35.375,34.5626,35.1876,455700
1999-04-09,0.0,36.1876,35.125,36.125,436900
1999-04-12,0.0,36.0,35.0,35.5,553000
1999-04-13,0.0,35.0626,34.4376,34.8126,494400
1999-04-14,0.0,35.875,34.4376,35.0,224900
1999-04-15,0.0,37.25,35.3126,37.125,782500
1999-04-16,0.0,39.9376,37.25,39.5,1550600
1999-04-19,0.0,42.0,39.6876,41.0626,1253300
1999-04-20,0.0,41.25,38.5,39.0,620600
1999-04-21,0.0,40.125,37.75,38.0,973400
1999-04-22,0.0,39.875,38.5626,39.125,812000
1999-04-23,0.0,41.25,39.125,40.9376,522400
1999-04-26,0.0,42.5626,40.5,42.5,597300
1999-04-27,0.0,44.5,42.3126,43.9376,1216700
1999-04-28,0.0,44.0,42.25,42.3126,765300
1999-04-29,0.0,42.75,42.125,42.125,698900
1999-04-30,0.0,42.625,41.5,41.875,283000
1999-05-03,0.0,44.0,41.875,43.875,501800
1999-05-04,0.0,43.9376,42.25,42.3126,331700
1999-05-05,0.0,43.0,41.875,42.3126,238100
1999-05-06,0.0,42.75,41.5626,42.75,238700
1999-05-07,0.0,43.25,42.25,42.375,370500
1999-05-10,0.0,42.375,41.5626,42.1876,273100
1999-05-11,0.0,42.75,41.8126,41.9376,415300
1999-05-12,0.0,43.1876,41.125,43.125,435100
1999-05-13,0.0,43.5,43.0,43.0,215700
1999-05-14,0.0,42.5,41.25,41.5,284600
1999-05-17,0.0,41.75,40.25,41.4376,323700
1999-05-18,0.0,41.375,40.5,40.5626,306500
1999-05-19,0.0,41.4376,40.6876,41.3126,208000
1999-05-20,0.0,43.5,41.8126,42.6876,371200
1999-05-21,0.0,42.4376,40.375,40.5,491700
1999-05-24,0.0,40.8126,39.4376,39.5,343000
1999-05-25,0.0,39.5,37.6876,37.875,858400
1999-05-26,0.0,38.0,36.25,36.5626,1189000
1999-05-27,0.0,37.375,36.3126,37.0626,754300
1999-05-28,0.0,38.3126,37.1876,38.0626,286700
1999-06-01,0.0,38.0,36.5626,36.625,378600
1999-06-02,0.0,37.25,36.5,37.1876,412800
1999-06-03,0.0,37.125,36.25,37.0626,566500
1999-06-04,0.0,38.25,37.3126,38.1876,254800
1999-06-07,0.0,38.3126,37.1876,37.375,175800
1999-06-08,0.0,37.3126,36.875,37.0,308100
1999-06-09,0.0,37.375,36.5626,36.625,333600
1999-06-10,0.0,36.5,35.875,36.1876,369700
1999-06-11,0.0,38.3126,36.125,37.625,368800
1999-06-14,0.0,39.0,37.75,38.5626,319700
1999-06-15,0.0,39.3126,38.375,38.75,203700
1999-06-16,0.0,39.5,38.3126,39.375,336800
1999-06-17,0.0,39.625,37.5,38.75,398400
1999-06-18,0.0,39.25,38.4376,38.4376,501200
1999-06-21,0.0,38.5,36.875,37.5,304400
1999-06-22,0.0,37.75,37.1876,37.5,270900
1999-06-23,0.0,37.5626,36.8126,37.25,607800
1999-06-24,0.0,37.125,35.875,36.0,779900
1999-06-25,0.0,36.0,35.0626,35.3126,582900
1999-06-28,0.0,35.875,35.375,35.5626,299700
1999-06-29,0.0,36.4376,35.1876,36.4376,394900
1999-06-30,0.0,37.375,35.375,37.375,565400
1999-07-01,0.0,37.125,36.1876,36.25,323900
1999-07-02,0.0,36.25,35.375,36.0,507700
1999-07-06,0.0,37.0626,35.875,36.75,320600
1999-07-07,0.0,36.875,34.5626,35.3126,869200
1999-07-08,0.0,35.3126,33.8126,34.5,623700
1999-07-09,0.0,37.875,36.1876,37.6876,1047200
1999-07-12,0.0,37.9376,36.4376,37.1876,482800
1999-07-13,0.0,37.0626,36.375,36.875,521500
1999-07-14,0.0,37.125,36.6876,37.0626,328900
1999-07-15,0.0,37.4376,36.9376,37.1876,336200
1999-07-16,0.0,37.75,36.875,37.75,219800
1999-07-19,0.0,38.0626,37.5,37.9376,220900
1999-07-20,0.0,38.375,37.6876,37.8126,371100
1999-07-21,0.0,38.125,37.375,38.0626,286700
1999-07-22,0.0,38.125,37.5626,37.75,272300
1999-07-23,0.0,37.5,37.0,37.0626,383100
1999-07-26,0.0,38.1876,36.8126,37.8126,230400
1999-07-27,0.0,38.0,37.1876,37.5,363400
1999-07-28,0.0,37.4376,37.1876,37.25,333000
1999-07-29,0.0,37.3126,36.375,36.4376,384800
1999-07-30,0.0,36.4376,35.0626,35.0626,700600
1999-08-02,0.0,35.1876,34.5,34.875,777400
1999-08-03,0.0,35.4376,34.875,35.4376,398500
1999-08-04,0.0,35.6876,35.1876,35.375,259400
1999-08-05,0.0,35.8126,35.25,35.5626,212800
1999-08-06,0.0,35.5626,35.125,35.1876,241600
1999-08-09,0.0,36.4376,35.0626,35.6876,248600
1999-08-10,0.0,35.3126,34.8126,35.125,426400
1999-08-11,0.0,35.125,34.25,34.75,287600
1999-08-12,0.0,34.75,34.3126,34.4376,213300
1999-08-13,0.0,35.5,34.625,35.5,329100
1999-08-16,0.0,35.5,34.75,35.25,252500
1999-08-17,0.0,35.5,35.0626,35.375,197600
1999-08-18,0.0,35.1876,34.625,34.875,190300
1999-08-19,0.0,35.625,34.75,35.5,230200
1999-08-20,0.0,35.6876,35.0626,35.3126,265300
1999-08-23,0.0,37.0,35.3126,37.0,337400
1999-08-24,0.0,36.5626,35.8126,36.0626,417500
1999-08-25,0.0,37.0,36.1876,36.4376,330000
1999-08-26,0.0,36.5,35.6876,35.75,485500
1999-08-27,0.0,35.75,34.875,35.0,450300
1999-08-30,0.0,34.875,33.625,33.625,735300
1999-08-31,0.0,34.5626,33.625,34.25,298000
1999-09-01,0.0,34.6876,33.875,33.875,458100
1999-09-02,0.0,34.0,33.3126,33.5,552200
1999-09-03,0.0,34.5626,33.75,34.0626,449600
1999-09-07,0.0,34.875,34.1876,34.1876,410400
1999-09-08,0.0,34.5,33.75,33.9376,294400
1999-09-09,0.0,34.0,33.5,33.5626,124000
1999-09-10,0.0,34.6876,33.5626,33.8126,194300
1999-09-13,0.0,33.875,33.25,33.4376,162700
1999-09-14,0.0,33.3126,32.0626,32.375,478200
1999-09-15,0.0,32.9376,32.0626,32.0626,223700
1999-09-16,0.0,32.9376,32.0,32.625,219400
1999-09-17,0.0,33.1876,32.625,33.0626,679300
1999-09-20,0.0,33.0626,32.0626,32.375,221400
1999-09-21,0.0,32.25,31.375,31.8126,463900
1999-09-22,0.0,32.0,31.25,31.3126,327400
1999-09-23,0.0,31.9376,30.875,31.0,437600
1999-09-24,0.0,31.1876,30.625,30.8126,285300
1999-09-27,0.0,32.5,31.125,31.6876,824300
1999-09-28,0.0,32.1876,31.3126,32.0,439500
1999-09-29,0.0,33.0,32.0626,32.5626,446800
1999-09-30,0.0,33.3126,32.5,32.6876,700500
1999-10-01,0.0,31.9376,30.75,31.9376,393000
1999-10-04,0.0,33.1876,31.75,33.0626,292600
1999-10-05,0.0,33.3126,32.6876,32.75,625500
1999-10-06,0.0,33.625,32.75,33.125,348200
1999-10-07,0.0,33.1876,31.8126,32.0,532900
1999-10-08,0.0,32.125,29.8126,31.6876,1670900
1999-10-11,0.0,33.3126,31.375,32.5626,400400
1999-10-12,0.0,32.3126,31.8126,31.9376,383700
1999-10-13,0.0,33.9376,31.875,32.8126,1240800
1999-10-14,0.0,33.375,32.875,33.1876,527500
1999-10-15,0.0,33.0626,32.375,32.5,557700
1999-10-18,0.0,32.875,32.125,32.5626,285300
1999-10-19,0.0,33.0,32.125,32.125,476000
1999-10-20,0.0,33.4376,32.375,33.25,371600
1999-10-21,0.0,33.1876,32.8126,32.9376,312200
1999-10-22,0.0,33.375,33.0,33.1876,346300
1999-10-25,0.0,33.375,33.0,33.25,338700
1999-10-26,0.0,33.3126,33.0,33.125,415800
1999-10-27,0.0,33.25,32.8126,32.9376,407300
1999-10-28,0.0,33.4376,33.0626,33.4376,1123800
1999-10-29,0.0,33.9376,33.4376,33.6876,1094500
1999-11-01,0.0,33.8126,33.4376,33.5,654600
1999-11-02,0.0,33.25,32.8126,33.0,1405400
1999-11-03,0.0,33.3126,33.0626,33.25,754100
1999-11-04,0.0,33.25,33.0626,33.125,1202400
1999-11-05,0.0,33.1876,33.0626,33.125,991800
1999-11-08,0.0,33.3126,32.375,32.4376,494900
1999-11-09,0.0,32.5626,32.1876,32.3126,475800
1999-11-10,0.0,32.4376,31.5,31.75,566600
1999-11-11,0.0,33.5,32.125,33.1876,976400
1999-11-12,0.0,34.8126,33.0626,34.5626,1203100
1999-11-15,0.0,35.9376,34.625,35.75,729800
1999-11-16,0.0,36.25,35.0,35.5626,723100
1999-11-17,0.0,35.4376,33.3126,33.5,767500
1999-11-18,0.0,33.875,32.625,32.75,788000
1999-11-19,0.0,32.875,32.125,32.25,472000
1999-11-22,0.0,31.9376,31.125,31.4376,910500
1999-11-23,0.0,32.25,31.5626,31.75,860600
1999-11-24,0.0,32.375,31.625,32.1876,533300
1999-11-26,0.0,31.9376,31.6876,31.6876,124500
1999-11-29,0.0,32.1876,31.1876,31.875,503200
1999-11-30,0.0,32.9376,31.875,32.5,541600
1999-12-01,0.0,33.375,32.75,33.125,455400
1999-12-02,0.0,32.875,31.875,32.0,685200
1999-12-03,0.0,34.25,33.0,33.5,495000
1999-12-06,0.0,34.25,32.875,33.0,351100
1999-12-07,0.0,33.75,32.9376,33.0626,406500
1999-12-08,0.0,33.75,32.75,32.8126,391200
1999-12-09,0.0,33.4376,32.5,32.5626,345100
1999-12-10,0.0,32.875,32.25,32.375,379100
1999-12-13,0.0,32.75,31.875,32.5,351400
1999-12-14,0.0,33.3126,32.25,32.5,541400
1999-12-15,0.0,33.125,32.0626,32.1876,383400
1999-12-16,0.0,32.4376,31.5626,31.625,595500
1999-12-17,0.0,31.1876,29.5626,30.0,2281300
1999-12-20,0.0,30.875,30.0626,30.625,494700
1999-12-21,0.0,30.5,30.0626,30.3126,833800
1999-12-22,0.0,30.5626,29.9376,29.9376,260200
1999-12-23,0.0,30.75,30.0,30.5626,438800
1999-12-27,0.0,32.4376,30.625,31.3126,364300
1999-12-28,0.0,31.9376,31.125,31.5626,515000
1999-12-29,0.0,31.6876,30.25,30.375,293400
1999-12-30,0.0,31.375,30.125,30.875,232900
1999-12-31,0.0,31.9376,30.8126,31.5626,215400
2000-01-03,31.5626,31.75,30.4376,30.5,1166100
2000-01-04,30.3126,30.75,30.0626,30.3126,482800
2000-01-05,30.3126,31.25,30.3126,30.8126,447800
2000-01-06,30.875,31.25,30.6876,31.25,414600
2000-01-07,31.25,32.3126,31.25,32.125,519600
2000-01-10,33.0,34.75,32.875,33.8126,1290200
2000-01-11,33.5626,34.125,32.625,32.625,733000
2000-01-12,32.625,33.1876,32.0,32.9376,474300
2000-01-13,32.9376,33.5,32.875,33.0,439000
2000-01-14,33.0,33.4376,32.6876,32.75,372200
2000-01-18,32.5,32.9376,32.125,32.3126,442800
2000-01-19,32.0626,32.9376,32.0626,32.5,435300
2000-01-20,32.125,32.5626,32.0,32.1876,410500
2000-01-21,32.1876,32.375,31.9376,32.0626,553600
2000-01-24,32.0626,32.0626,30.125,30.1876,718000
2000-01-25,30.125,31.9376,30.125,30.9376,590400
2000-01-26,31.0,31.125,30.25,31.125,481500
2000-01-27,31.0,31.875,31.0,31.25,480100
2000-01-28,31.0626,32.125,30.75,30.8126,954400
2000-01-31,31.0,31.1876,30.4376,31.0626,489800
2000-02-01,31.0,32.625,30.9376,31.9376,450500
2000-02-02,31.6876,32.25,31.375,31.4376,357900
2000-02-03,31.4376,32.5,31.375,32.25,734400
2000-02-04,32.125,33.9376,32.0,33.875,682300
2000-02-07,33.4376,33.875,32.5,33.25,617400
2000-02-08,33.25,33.9376,32.875,33.5,896400
2000-02-09,33.125,33.6876,32.625,32.6876,789600
2000-02-10,32.8126,32.8126,31.9376,32.0626,839700
2000-02-11,32.0626,33.25,31.8126,32.6876,395000
2000-02-14,32.75,33.375,31.8126,32.25,508000
2000-02-15,32.625,33.4376,32.0,32.8126,341900
2000-02-16,33.0,33.4376,31.375,32.6876,528400
2000-02-17,32.4376,32.625,30.75,31.625,593400
2000-02-18,31.375,31.9376,30.5626,30.75,329900
2000-02-22,30.75,30.75,29.625,30.3126,360200
2000-02-23,30.3126,30.3126,29.625,29.6876,464900
2000-02-24,29.75,29.75,26.8126,27.375,800700
2000-02-25,28.0,29.1876,27.875,27.875,728800
2000-02-28,27.25,28.1876,27.1876,28.0,938100
2000-02-29,28.0,28.125,27.1876,27.5626,901000
2000-03-01,0.0,27.6876,27.25,27.5,539400
2000-03-02,0.0,27.5626,27.125,27.375,408900
2000-03-03,0.0,27.375,26.8126,27.1876,598100
2000-03-06,0.0,27.5,26.5626,26.6876,816300
2000-03-07,26.6876,27.3126,26.5626,26.625,1130400
2000-03-08,26.125,27.4376,26.125,26.875,760400
2000-03-09,26.75,27.0,26.375,27.0,387100
2000-03-10,26.9376,27.5,26.8126,26.9376,452300
2000-03-13,26.75,27.375,26.6876,27.1876,437200
2000-03-14,26.9376,27.8126,26.8126,27.4376,520300
2000-03-15,27.0,28.4376,26.625,27.9376,875600
2000-03-16,28.1876,31.8126,28.0,31.625,810700
2000-03-17,31.75,32.1876,31.375,31.6876,720900
2000-03-20,31.25,31.625,30.375,30.625,565500
2000-03-21,30.5,31.75,30.5,31.125,364600
2000-03-22,31.3126,32.0626,30.4376,30.6876,855600
2000-03-23,30.5,31.3126,30.25,31.125,371800
2000-03-24,30.875,31.9376,30.0,30.0,508500
2000-03-27,31.0,31.0,30.3126,30.3126,395500
2000-03-28,29.75,30.6876,29.75,30.4376,434200
2000-03-29,30.375,31.625,30.0626,31.25,656300
2000-03-30,31.375,31.9376,30.8126,31.0626,408500
2000-03-31,31.0626,32.375,30.75,31.5,484500
2000-04-03,31.5626,32.5626,31.4376,32.25,504000
2000-04-04,32.0,33.5,31.9376,32.9376,679100
2000-04-05,32.9376,33.25,32.4376,32.5,319100
2000-04-06,32.875,33.625,32.8126,33.375,339600
2000-04-07,33.125,33.6876,31.8126,32.125,375800
2000-04-10,31.875,32.625,31.75,32.3126,269700
2000-04-11,32.0626,33.0626,32.0626,32.8126,326600
2000-04-12,33.25,33.9376,32.875,33.1876,341400
2000-04-13,33.0,33.375,31.6876,31.6876,368700
2000-04-14,31.875,32.25,30.375,30.625,430500
2000-04-17,31.25,31.375,29.625,29.8126,443100
2000-04-18,29.8126,30.875,29.5,30.3126,476300
2000-04-19,30.125,30.9376,30.125,30.5,312800
2000-04-20,30.625,30.9376,30.375,30.75,272500
2000-04-24,30.8126,31.625,30.75,31.0626,436300
2000-04-25,31.0,31.5,30.625,30.8126,435000
2000-04-26,30.6876,32.0,30.6876,31.625,264700
2000-04-27,31.125,32.1876,31.125,31.8126,430800
2000-04-28,31.875,32.3126,31.625,32.0,675200
2000-05-01,32.0,33.3126,32.0,33.0,403300
2000-05-02,33.1876,34.0,32.75,33.125,528900
2000-05-03,33.375,33.6876,31.875,32.0,337300
2000-05-04,32.0,32.875,31.8126,32.3126,319700
2000-05-05,32.0,32.25,31.9376,32.0626,423600
2000-05-08,32.0626,32.6876,31.9376,32.4376,351800
2000-05-09,32.5,33.4376,32.3126,32.9376,409400
2000-05-10,33.0,33.75,32.8126,33.75,493500
2000-05-11,33.625,34.1876,32.875,33.125,363200
2000-05-12,33.375,35.0,33.375,34.75,671300
2000-05-15,34.875,36.25,34.6876,36.0626,768500
2000-05-16,35.625,36.75,35.5,36.5626,633100
2000-05-17,36.125,36.5,35.75,35.8126,367900
2000-05-18,35.8126,36.375,35.4376,35.8126,597100
2000-05-19,35.5626,37.0626,35.5,37.0,631400
2000-05-22,37.4376,37.5,35.6876,36.1876,709600
2000-05-23,36.1876,36.1876,35.4376,35.625,247900
2000-05-24,36.0,37.1876,35.9376,36.875,528000
2000-05-25,36.6876,36.875,35.375,35.6876,344300
2000-05-26,35.6876,36.25,35.375,35.5626,223200
2000-05-30,35.4376,36.8126,35.3126,36.75,594600
2000-05-31,36.625,36.6876,36.125,36.25,457500
2000-06-01,36.125,36.125,35.5626,35.8126,482000
2000-06-02,35.75,36.4376,35.4376,36.0626,546300
2000-06-05,36.4376,36.625,35.875,36.25,372100
2000-06-06,35.875,36.625,35.6876,36.375,285300
2000-06-07,36.0626,37.1876,36.0626,36.75,440700
2000-06-08,36.875,37.0626,35.8126,36.875,572600
2000-06-09,36.6876,37.75,36.5626,37.5626,384400
2000-06-12,37.75,38.0,36.375,36.5,353700
2000-06-13,36.125,36.375,35.625,35.6876,319200
2000-06-14,35.875,36.625,35.875,36.125,481500
2000-06-15,36.0626,36.625,35.6876,35.6876,459700
2000-06-16,35.625,36.1876,34.875,34.875,826500
2000-06-19,35.0626,36.4376,35.0626,36.0,383600
2000-06-20,35.6876,36.1876,35.0626,35.0626,565200
2000-06-21,35.0626,36.125,34.9376,35.0,267900
2000-06-22,34.875,35.5626,34.625,34.75,337700
2000-06-23,35.0,35.4376,34.875,35.25,160900
2000-06-26,35.625,36.0,35.25,35.25,337000
2000-06-27,35.375,36.9376,35.25,36.4376,375700
2000-06-28,36.9376,37.5,35.625,36.0,443400
2000-06-29,35.9376,36.1876,35.1876,35.375,226200
2000-06-30,35.0,36.5626,35.0,36.0626,421100
2000-07-03,36.1876,36.875,35.6876,36.25,135300
2000-07-05,36.9376,37.25,36.375,36.75,288600
2000-07-06,37.0,38.875,36.875,37.75,1083300
2000-07-07,38.0,39.1876,37.625,38.9376,867600
2000-07-10,39.125,39.3126,38.5,38.875,860900
2000-07-11,39.0,40.375,38.75,40.0626,868100
2000-07-12,40.0,40.0626,39.1876,39.875,781800
2000-07-13,39.6876,39.8126,38.75,39.5,289000
2000-07-14,39.3126,40.1876,38.9376,40.1876,498700
2000-07-17,40.1876,41.1876,39.5626,40.625,604300
2000-07-18,40.875,41.5626,40.3126,41.3126,348800
2000-07-19,41.0,41.375,40.3126,40.625,334700
2000-07-20,40.6876,41.0,40.25,40.9376,296700
2000-07-21,40.75,41.4376,40.625,41.375,350300
2000-07-24,41.375,41.5,40.5,41.0,337100
2000-07-25,40.75,41.5,40.75,41.25,242300
2000-07-26,41.0,42.0,40.8126,42.0,527600
2000-07-27,41.5626,42.3126,41.5626,42.0,658500
2000-07-28,42.0,42.375,38.3126,38.75,585200
2000-07-31,38.6876,40.375,38.5,39.75,522600
2000-08-01,40.0,41.375,39.8126,41.25,323100
2000-08-02,41.0,41.0,40.0,40.6876,242500
2000-08-03,40.75,41.375,40.5,40.5626,204100
2000-08-04,40.625,41.1876,40.0,41.1876,197100
2000-08-07,41.0,41.1876,40.625,40.9376,142000
2000-08-08,41.0,41.0,39.5,39.875,330200
2000-08-09,39.625,41.625,39.375,41.5,302600
2000-08-10,41.5,41.5,40.375,40.75,297100
2000-08-11,40.9376,41.5,40.5626,41.375,265100
2000-08-14,41.375,41.375,39.3126,39.8126,485900
2000-08-15,39.8126,40.5626,39.4376,39.9376,596900
2000-08-16,40.0,40.1876,38.375,38.5,365600
2000-08-17,39.0,40.0,38.5626,39.5,369500
2000-08-18,39.5626,39.625,38.1876,38.75,312600
2000-08-21,38.75,40.6876,38.5626,40.375,493300
2000-08-22,41.0,41.125,39.25,39.5,417700
2000-08-23,39.5,40.4376,39.1876,40.1876,343700
2000-08-24,40.1876,40.1876,39.0,39.1876,312900
2000-08-25,39.0,39.5626,38.375,39.4376,338200
2000-08-28,0.0,39.625,38.25,38.438,150400
2000-08-29,38.5,39.875,38.5,39.625,305000
2000-08-30,39.75,40.0,38.875,38.875,293700
2000-08-31,39.063,40.125,38.938,39.5,293600
2000-09-01,39.75,40.0,38.625,39.063,275000
2000-09-05,39.625,41.938,39.5,41.75,608500
2000-09-06,41.938,42.125,39.875,40.25,546400
2000-09-07,39.25,39.625,37.438,39.313,1154100
2000-09-08,39.25,39.25,38.063,38.625,738600
2000-09-11,38.625,38.625,37.5,37.75,647400
2000-09-12,37.5,38.438,37.313,37.563,573800
2000-09-13,37.563,37.813,37.375,37.563,320900
2000-09-14,37.0,37.063,36.625,36.875,786000
2000-09-15,37.0,37.75,36.938,37.563,850800
2000-09-18,37.375,37.563,36.875,37.063,654800
2000-09-19,37.0,37.75,37.0,37.75,419200
2000-09-20,38.0,38.0,37.438,37.625,296800
2000-09-21,37.563,38.375,37.563,38.063,479100
2000-09-22,38.188,38.813,37.438,38.813,563200
2000-09-25,39.25,40.0,39.188,39.688,357600
2000-09-26,39.438,39.625,36.938,37.063,1033000
2000-09-27,37.75,37.75,36.563,36.938,550200
2000-09-28,37.5,38.75,36.875,37.188,486800
2000-09-29,36.938,37.125,36.125,36.438,601600
2000-10-02,36.438,36.438,34.75,35.563,756500
2000-10-03,35.5,35.875,35.0,35.688,617200
2000-10-04,35.625,36.625,35.0,35.688,950600
2000-10-05,35.75,37.438,35.75,37.188,638800
2000-10-06,38.0,38.0,35.813,35.875,434800
2000-10-09,36.0,36.5,35.125,36.0,295600
2000-10-10,36.0,37.625,35.75,37.25,403400
2000-10-11,37.438,37.875,36.313,36.625,679200
2000-10-12,36.875,37.438,35.688,35.875,327000
2000-10-13,35.625,37.875,35.25,37.563,549100
2000-10-16,37.313,37.625,36.063,36.688,370800
2000-10-17,37.125,37.125,34.313,34.75,670900
2000-10-18,34.875,35.938,34.125,35.563,936400
2000-10-19,35.125,36.188,35.125,35.188,460800
2000-10-20,35.25,35.25,34.25,34.875,1173500
2000-10-23,35.375,36.875,35.125,36.5,842500
2000-10-24,36.875,37.875,36.875,37.313,577500
2000-10-25,37.313,37.813,36.688,37.125,422900
2000-10-26,37.188,37.188,35.5,35.875,645400
2000-10-27,36.063,39.375,36.0,38.375,823600
2000-10-30,38.875,38.938,37.875,38.125,389700
2000-10-31,38.375,40.75,38.375,40.5,999900
2000-11-01,40.313,40.813,38.188,39.563,826000
2000-11-02,39.563,40.0,38.688,39.313,337600
2000-11-03,39.063,40.125,39.063,39.688,185600
2000-11-06,39.438,39.813,38.875,39.563,253500
2000-11-07,39.313,39.375,38.375,39.375,298000
2000-11-08,39.063,39.5,38.563,39.438,221100
2000-11-09,39.625,40.0,38.625,39.875,360700
2000-11-10,39.625,39.938,38.75,38.938,534700
2000-11-13,39.063,40.438,39.063,40.125,388900
2000-11-14,40.313,41.938,39.813,41.938,853700
2000-11-15,41.625,41.813,40.125,40.75,648400
2000-11-16,40.875,41.5,40.625,40.938,332200
2000-11-17,41.0,42.0,40.875,41.938,580600
2000-11-20,41.625,41.625,40.625,40.75,324900
2000-11-21,40.813,41.813,40.188,41.75,265500
2000-11-22,41.375,41.688,39.375,39.813,492200
2000-11-24,40.313,40.875,39.375,40.688,310400
2000-11-27,40.438,40.75,39.938,40.313,396300
2000-11-28,40.5,41.313,40.188,40.887,255300
2000-11-29,40.625,41.813,40.625,41.25,389800
2000-11-30,41.0,41.5,40.188,41.438,450600
2000-12-01,41.688,42.313,41.125,41.875,325900
2000-12-04,40.75,41.375,40.125,41.375,689300
2000-12-05,41.5,43.0,41.125,42.688,956700
2000-12-06,42.5,43.5,41.875,42.5,828200
2000-12-07,42.25,42.438,41.625,41.75,393400
2000-12-08,41.063,42.25,40.625,42.25,568600
2000-12-11,41.75,42.0,41.063,41.5,509200
2000-12-12,41.125,43.25,40.688,42.313,740500
2000-12-13,42.438,42.438,40.0,40.5,725300
2000-12-14,40.5,41.5,39.625,41.313,638800
2000-12-15,40.625,40.688,39.625,39.75,1034200
2000-12-18,40.25,41.625,39.75,41.063,467000
2000-12-19,40.813,41.313,39.813,39.875,506400
2000-12-20,40.375,41.25,39.875,40.813,670000
2000-12-21,40.125,40.438,38.375,38.813,1147300
2000-12-22,39.0,39.875,38.0,39.688,1066700
2000-12-26,39.938,41.375,39.563,40.375,519800
2000-12-27,40.438,41.188,40.313,40.813,636600
2000-12-28,41.063,41.875,40.5,41.75,685300
2000-12-29,42.5,43.438,42.0,42.25,647500
2001-01-02,41.375,41.938,41.0,41.125,541200
2001-01-03,40.5,44.75,40.5,44.688,1485100
2001-01-04,44.5,46.375,44.25,45.75,3801600
2001-01-05,45.75,45.75,44.375,44.875,1739400
2001-01-08,45.375,46.813,45.375,46.688,1719700
2001-01-09,45.938,46.813,45.938,46.563,2098500
2001-01-10,46.063,46.313,44.688,44.813,1776000
2001-01-11,44.813,45.688,44.563,44.563,968500
2001-01-12,44.563,45.438,44.563,45.125,388300
2001-01-16,44.625,45.688,44.125,45.688,822800
2001-01-17,45.688,45.938,45.188,45.25,780200
2001-01-18,45.5,45.875,45.063,45.375,396000
2001-01-19,45.563,45.563,44.875,44.938,522200
2001-01-22,44.75,45.5,44.625,45.313,369700
2001-01-23,45.063,47.813,45.063,47.688,1127500
2001-01-24,47.5,47.5,46.188,46.625,726400
2001-01-25,46.25,47.0,45.625,46.813,655600
2001-01-26,46.813,46.875,46.063,46.25,607500
2001-01-29,45.65,46.24,45.44,46.21,1125400
2001-01-30,46.13,46.23,45.65,46.19,590900
2001-01-31,46.2,46.5,45.95,46.16,992400
2001-02-01,46.16,46.16,45.31,45.99,533800
2001-02-02,46.4,46.4,45.26,45.41,595000
2001-02-05,45.41,45.42,44.52,44.99,814000
2001-02-06,45.35,45.35,43.17,43.17,2284900
2001-02-07,43.38,44.36,43.0,44.17,904000
2001-02-08,45.17,45.85,44.7,45.25,1817700
2001-02-09,45.07,45.57,44.3,44.31,535300
2001-02-12,44.31,44.97,44.15,44.52,530500
2001-02-13,44.77,45.2,44.23,44.75,468000
2001-02-14,44.7,44.87,44.35,44.46,508300
2001-02-15,44.6,44.7,44.26,44.36,657400
2001-02-16,44.6,44.9,43.35,43.61,532000
2001-02-20,43.36,43.8,42.7,42.75,523500
2001-02-21,42.75,42.8,41.5,41.63,617100
2001-02-22,41.63,41.98,40.15,40.92,794400
2001-02-23,40.92,40.92,39.91,40.32,755000
2001-02-26,39.25,42.0,39.25,41.51,950400
2001-02-27,41.2,43.12,41.2,42.92,821000
2001-02-28,42.93,43.1,42.0,42.68,921000
2001-03-01,42.2,42.7,41.0,41.56,887800
2001-03-02,41.8,41.8,40.5,41.03,703500
2001-03-05,41.03,41.5,40.52,41.18,527700
2001-03-06,41.18,42.1,40.59,41.0,922300
2001-03-07,40.75,41.6,40.75,40.89,876600
2001-03-08,40.9,41.55,40.88,41.32,708500
2001-03-09,41.43,41.77,40.84,41.06,568300
2001-03-12,41.0,41.01,39.0,39.01,1375500
2001-03-13,39.1,39.2,37.25,38.76,3424200
2001-03-14,37.5,39.5,37.43,38.8,1943300
2001-03-15,38.8,40.6,38.8,40.55,783300
2001-03-16,40.15,42.1,40.15,40.98,2130400
2001-03-19,41.08,41.3,40.38,41.25,964000
2001-03-20,42.25,44.0,42.06,42.5,1836600
2001-03-21,41.65,41.85,40.15,40.74,2024200
2001-03-22,40.1,40.45,39.6,39.98,1726800
2001-03-23,39.98,40.6,39.73,39.9,1166800
2001-03-26,40.15,41.17,39.76,40.22,666700
2001-03-27,40.22,41.98,40.0,41.64,1000800
2001-03-28,41.57,41.7,40.45,41.01,1277700
2001-03-29,40.62,41.5,40.2,40.57,931400
2001-03-30,41.0,41.7,40.9,41.18,527500
2001-04-02,41.18,41.94,40.82,41.22,714300
2001-04-03,41.25,41.27,39.38,39.52,1009200
2001-04-04,39.5,39.55,38.47,39.38,1516600
2001-04-05,41.28,41.47,39.64,39.8,1244300
2001-04-06,39.01,39.85,38.61,39.23,1488300
2001-04-09,39.48,39.48,38.74,39.1,793300
2001-04-10,38.85,40.3,38.13,40.2,953000
2001-04-11,41.2,41.2,39.65,40.28,932900
2001-04-12,40.2,40.3,39.39,40.07,624100
2001-04-16,40.0,40.05,38.41,38.5,791300
2001-04-17,40.25,41.25,39.46,41.25,1992200
2001-04-18,41.3,45.1,41.15,44.63,2123700
2001-04-19,44.52,45.45,43.92,44.96,1492300
2001-04-20,44.2,44.72,44.0,44.6,1020800
2001-04-23,45.0,45.85,44.76,45.25,1257300
2001-04-24,44.63,44.64,43.9,44.36,1250900
2001-04-25,44.37,44.37,43.11,44.0,1199100
2001-04-26,43.25,44.0,43.0,43.28,801400
2001-04-27,43.28,44.21,43.28,44.02,898400
2001-04-30,44.02,46.6,44.02,45.88,1350600
2001-05-01,45.88,47.45,45.63,47.29,1041100
2001-05-02,46.87,48.75,46.65,48.03,1639800
2001-05-03,46.37,46.45,45.47,46.01,2022100
2001-05-04,45.9,46.05,45.11,45.9,697900
2001-05-07,45.15,45.7,45.0,45.55,645900
2001-05-08,44.75,45.06,43.75,44.44,932200
2001-05-09,44.65,45.2,44.3,44.93,731000
2001-05-10,45.1,45.95,44.75,45.15,732800
2001-05-11,45.25,45.34,44.75,44.95,788300
2001-05-14,45.3,45.57,45.1,45.28,900800
2001-05-15,45.28,45.4,44.79,45.2,915300
2001-05-16,45.15,47.3,44.92,47.06,3379900
2001-05-17,47.4,48.5,47.15,48.0,2446800
2001-05-18,48.0,48.2,47.52,47.89,777800
2001-05-21,48.24,49.35,47.95,48.94,978900
2001-05-22,48.94,50.5,48.94,49.68,1794000
2001-05-23,49.13,49.67,48.69,48.85,1111700
2001-05-24,48.5,49.22,48.14,48.8,624900
2001-05-25,48.7,49.15,48.27,48.69,576500
2001-05-29,48.3,49.37,48.1,49.35,1082500
2001-05-30,48.49,48.49,46.95,47.55,1576900
2001-05-31,47.0,47.9,46.13,47.36,1966400
2001-06-01,47.37,47.37,46.26,46.64,710500
2001-06-04,46.5,46.58,46.2,46.49,759400
2001-06-05,46.29,47.25,45.8,47.18,1028300
2001-06-06,47.05,47.38,46.52,46.64,323200
2001-06-07,46.59,46.59,45.26,45.94,954200
2001-06-08,45.55,45.82,45.4,45.42,545700
2001-06-11,45.42,45.51,45.05,45.49,980000
2001-06-12,45.49,45.49,44.73,44.94,792700
2001-06-13,44.9,45.49,44.69,45.05,977500
2001-06-14,45.3,45.53,44.82,44.84,778200
2001-06-15,45.45,46.23,45.02,45.74,923400
2001-06-18,46.2,46.2,45.4,45.64,493200
2001-06-19,46.33,47.35,45.95,47.01,1034900
2001-06-20,47.02,47.37,46.13,46.94,1057600
2001-06-21,46.63,47.89,46.4,47.84,515300
2001-06-22,47.84,47.84,46.95,47.17,645400
2001-06-25,47.17,47.66,46.61,46.96,468100
2001-06-26,46.3,46.81,45.76,46.12,543500
2001-06-27,46.3,47.3,46.3,46.51,434500
2001-06-28,46.23,47.63,46.23,46.76,792200
2001-06-29,46.76,47.62,46.25,47.34,923500
2001-07-02,47.34,48.65,47.34,48.62,707000
2001-07-03,48.62,48.68,48.4,48.61,541100
2001-07-05,48.52,48.78,47.91,48.0,782000
2001-07-06,48.01,48.1,46.72,46.81,740000
2001-07-09,46.82,47.76,46.51,47.0,770900
2001-07-10,46.58,47.51,46.24,47.12,1143900
2001-07-11,47.0,47.0,45.52,45.76,1315200
2001-07-12,46.0,47.87,45.3,47.77,1257500
2001-07-13,47.47,48.87,47.25,48.75,688700
2001-07-16,48.5,49.48,48.37,49.02,774100
2001-07-17,49.03,49.72,48.62,49.47,1577600
2001-07-18,49.22,49.5,48.68,49.17,484300
2001-07-19,49.18,49.5,48.39,48.97,427600
2001-07-20,48.9,49.25,47.3,47.97,1410500
2001-07-23,48.2,48.2,47.4,47.44,468500
2001-07-24,48.0,48.45,46.61,46.86,714700
2001-07-25,46.86,48.59,46.86,48.45,698100
2001-07-26,47.75,48.75,47.5,48.73,570400
2001-07-27,48.55,48.56,47.91,48.01,1124100
2001-07-30,48.01,48.25,47.66,47.92,389200
2001-07-31,47.92,48.9,47.4,47.75,964900
2001-08-01,48.1,49.02,48.0,48.5,827300
2001-08-02,48.51,49.16,48.51,48.94,504800
2001-08-03,48.95,49.0,48.49,48.78,537700
2001-08-06,48.78,48.8,47.85,48.25,573600
2001-08-07,48.255,48.255,47.6,48.04,1013700
2001-08-08,48.04,48.4,47.72,47.77,475700
2001-08-09,47.77,48.25,46.87,47.66,939800
2001-08-10,47.02,48.0,47.02,47.77,575900
2001-08-13,47.77,47.9,47.07,47.5,292700
2001-08-14,47.75,47.75,46.9,47.58,258400
2001-08-15,47.5,47.75,46.74,46.77,611900
2001-08-16,46.7,46.87,46.3,46.66,962900
2001-08-17,46.16,46.93,45.88,46.17,500300
2001-08-20,46.42,46.5,45.62,46.36,420900
2001-08-21,46.81,46.81,45.75,46.0,623800
2001-08-22,46.0,46.74,45.51,46.07,843400
2001-08-23,46.47,46.49,45.8,46.43,446300
2001-08-24,46.18,47.39,46.18,47.36,440200
2001-08-27,47.37,47.5,46.82,46.92,492600
2001-08-28,46.8,47.0,45.81,45.98,636900
2001-08-29,46.0,46.1,45.13,45.34,558100
2001-08-30,45.0,45.0,42.55,43.38,1894500
2001-08-31,42.95,44.2,42.95,43.85,981500
2001-09-04,43.5,44.3,43.5,43.94,722200
2001-09-05,43.94,44.34,43.35,43.7,1212600
2001-09-06,41.1,41.9,41.05,41.34,3538800
2001-09-07,41.59,41.75,40.5,41.01,1617200
2001-09-10,40.75,41.5,40.74,40.85,1070800
2001-09-17,35.0,36.25,32.2,32.25,5630900
2001-09-18,32.0,32.65,30.5,30.8,3524200
2001-09-19,30.05,30.5,28.95,30.5,3006000
2001-09-20,29.4,29.76,27.3,28.95,2879800
2001-09-21,27.4,30.5,27.4,30.0,2544600
2001-09-24,30.12,31.7,30.12,30.65,1860000
2001-09-25,30.85,31.99,30.63,31.1,2119600
2001-09-26,32.25,32.49,31.49,31.9,2788700
2001-09-27,31.65,32.55,30.79,32.55,2269500
2001-09-28,32.55,33.4,31.81,33.4,1300300
2001-10-01,33.0,33.0,31.75,32.25,1002600
2001-10-02,31.95,32.16,31.05,31.85,2200700
2001-10-03,31.76,33.96,31.7,33.5,1769800
2001-10-04,33.51,33.68,31.85,32.1,2920700
2001-10-05,31.1,33.35,31.05,33.11,2450900
2001-10-08,33.12,33.12,31.61,32.0,1570600
2001-10-09,31.6,31.65,30.79,30.88,1537900
2001-10-10,30.49,32.04,30.16,31.88,947300
2001-10-11,32.75,34.02,32.15,33.75,2779000
2001-10-12,33.25,33.51,32.1,33.5,1466600
2001-10-15,33.25,33.51,32.76,33.36,1000600
2001-10-16,33.75,34.27,33.5,34.11,1007200
2001-10-17,34.3,34.68,32.84,33.31,2012300
2001-10-18,33.22,33.22,31.85,32.0,1770000
2001-10-19,32.0,32.3,31.1,32.15,1043400
2001-10-22,31.9,32.8,31.79,32.64,478500
2001-10-23,33.12,33.4,32.63,32.76,692700
2001-10-24,32.8,33.05,31.7,31.79,1305000
2001-10-25,31.0,33.3,30.75,33.19,2067700
2001-10-26,32.94,33.6,32.64,33.19,944900
2001-10-29,32.73,33.04,32.1,32.21,572800
2001-10-30,31.65,32.15,30.59,30.7,1918700
2001-10-31,30.7,32.0,30.7,31.33,1085600
2001-11-01,31.35,32.37,31.26,31.96,862300
2001-11-02,31.86,32.6,31.71,32.15,335100
2001-11-05,32.6,33.39,32.27,32.5,885100
2001-11-06,32.5,32.55,32.0,32.5,646100
2001-11-07,32.75,34.5,32.7,33.74,1207700
2001-11-08,33.68,35.35,33.55,34.5,1239700
2001-11-09,33.95,34.1,33.01,34.0,848500
2001-11-12,32.9,33.13,31.85,32.5,1777900
2001-11-13,33.15,34.79,33.02,34.5,948900
2001-11-14,35.1,36.05,34.9,36.0,1183900
2001-11-15,36.53,37.75,36.28,36.71,1845800
2001-11-16,37.24,37.24,36.34,37.0,946600
2001-11-19,37.0,37.34,36.5,36.75,908700
2001-11-20,37.0,37.0,36.15,36.3,628600
2001-11-21,36.1,36.18,35.02,35.42,765600
2001-11-23,35.52,36.37,35.4,36.17,214200
2001-11-26,35.92,36.75,35.92,36.71,610300
2001-11-27,37.11,37.58,36.53,37.09,1228700
2001-11-28,37.02,37.21,36.54,36.66,461900
2001-11-29,36.5,36.8,35.9,36.71,529100
2001-11-30,36.48,38.07,36.48,37.62,746100
2001-12-03,37.5,38.13,37.38,37.91,817200
2001-12-04,37.91,38.5,37.61,38.46,925400
2001-12-05,38.46,41.0,38.26,40.61,1478300
2001-12-06,40.2,40.91,40.1,40.78,1334200
2001-12-07,40.29,40.5,39.82,40.2,822400
2001-12-10,40.0,40.19,39.6,39.63,1011300
2001-12-11,39.88,40.09,39.4,39.8,1057300
2001-12-12,39.45,39.75,38.62,38.67,735400
2001-12-13,38.15,38.83,38.01,38.56,992900
2001-12-14,38.56,39.04,38.31,38.71,638900
2001-12-17,38.53,38.69,37.58,38.1,1168000
2001-12-18,38.7,39.19,38.6,38.87,793600
2001-12-19,38.87,39.18,38.7,38.87,500500
2001-12-20,39.25,39.89,39.05,39.66,782400
2001-12-21,40.3,40.49,39.86,39.9,1374800
2001-12-24,39.7,39.9,39.52,39.6,479900
2001-12-26,39.5,40.7,39.48,40.5,1256100
2001-12-27,40.8,41.21,40.55,41.0,574700
2001-12-28,40.75,41.49,40.36,41.15,609200
2001-12-31,41.05,41.28,40.64,40.65,640900
2002-01-02,40.62,40.71,39.95,40.0,983900
2002-01-03,40.0,40.31,39.8,40.31,1077500
2002-01-04,40.3,41.37,40.3,41.3,705200
2002-01-07,41.8,42.21,41.49,41.59,898300
2002-01-08,40.9,41.79,40.7,40.99,709200
2002-01-09,41.24,41.56,40.64,40.69,578300
2002-01-10,40.68,41.0,40.5,40.68,487600
2002-01-11,40.68,40.94,39.87,40.06,583400
2002-01-14,39.92,40.05,39.4,39.41,417300
2002-01-15,39.5,39.8,38.61,39.15,801100
2002-01-16,39.05,39.46,38.83,38.83,1755400
2002-01-17,39.25,39.5,38.87,39.49,508000
2002-01-18,39.15,39.95,39.15,39.61,544400
2002-01-22,39.75,39.76,38.2,38.77,847500
2002-01-23,39.2,39.2,38.15,38.24,778600
2002-01-24,38.35,38.89,38.26,38.84,537700
2002-01-25,38.84,39.54,38.72,39.12,355000
2002-01-28,39.0,39.48,38.74,39.37,339100
2002-01-29,40.05,40.22,39.58,39.97,1160600
2002-01-30,40.0,40.4,39.1,39.51,1767600
2002-01-31,39.4,40.999,39.4,40.78,1039000
2002-02-01,40.52,40.95,40.11,40.5,945900
2002-02-04,40.5,40.55,39.49,39.51,798600
2002-02-05,39.76,40.37,39.55,40.22,1263800
2002-02-06,40.3,40.5,38.99,39.1,2444300
2002-02-07,39.1,39.75,38.57,38.86,1945500
2002-02-08,38.87,38.87,37.75,38.53,1237500
2002-02-11,38.5,38.5,36.75,37.49,2973200
2002-02-12,37.49,37.49,36.5,36.9,2134800
2002-02-13,35.4,39.36,34.6,39.36,5447200
2002-02-14,38.7,39.0,38.05,38.65,1738400
2002-02-15,37.85,38.3,37.79,38.01,1469500
2002-02-19,38.19,38.2,37.16,37.58,655500
2002-02-20,37.83,39.5,37.49,39.09,1193900
2002-02-21,39.1,39.49,38.08,38.14,680400
2002-02-22,38.05,38.1,37.2,38.1,719000
2002-02-25,38.35,38.59,37.78,38.24,870000
2002-02-26,37.95,38.74,37.93,38.65,883800
2002-02-27,38.2,38.6,38.031,38.25,939300
2002-02-28,38.4,41.1,38.4,39.47,2089100
2002-03-01,39.7,41.5,39.7,41.38,3098900
2002-03-04,41.95,42.55,41.5,42.52,2273000
2002-03-05,42.52,43.08,41.6,43.08,1261100
2002-03-06,42.56,43.99,42.5,43.45,1752400
2002-03-07,43.2,43.86,42.87,43.5,953200
2002-03-08,43.5,43.94,43.27,43.78,692100
2002-03-11,43.3,43.49,42.9,43.39,690600
2002-03-12,43.39,43.99,42.745,43.99,705600
2002-03-13,43.42,43.75,43.2,43.59,843900
2002-03-14,43.59,43.6,43.14,43.48,607900
2002-03-15,43.5,43.57,43.33,43.5,1676800
2002-03-18,43.9,44.48,43.75,44.4,1062600
2002-03-19,44.35,45.49,44.23,45.38,1530000
2002-03-20,44.7,45.499,44.62,45.16,1002700
2002-03-21,44.8,45.18,44.06,44.55,656500
2002-03-22,44.55,45.1,44.05,44.5,694100
2002-03-25,44.75,44.76,43.54,43.85,530700
2002-03-26,43.95,44.36,43.26,43.67,603500
2002-03-27,43.67,44.38,43.52,44.11,277200
2002-03-28,44.61,45.44,44.231,44.95,1066000
2002-04-01,45.3,45.3,43.9,44.6,771000
2002-04-02,44.53,44.53,43.65,44.14,541200
2002-04-03,43.89,44.02,43.0,43.48,483900
2002-04-04,43.23,43.8,43.03,43.68,647000
2002-04-05,43.6,44.34,43.47,44.13,472900
2002-04-08,44.13,44.4,43.59,44.07,624400
2002-04-09,43.73,44.97,43.4,44.88,880400
2002-04-10,44.8,45.35,44.38,45.3,799400
2002-04-11,45.0,45.25,44.46,44.7,1002200
2002-04-12,44.8,45.4,44.76,45.05,598900
2002-04-15,45.1,45.12,44.8,45.01,592200
2002-04-16,45.01,45.499,44.24,44.58,905100
2002-04-17,44.55,45.3,44.36,44.85,646900
2002-04-18,45.4,45.95,43.4,45.1,1488500
2002-04-19,45.1,45.48,45.01,45.36,815900
2002-04-22,45.0,45.4,45.0,45.2,576500
2002-04-23,45.19,45.49,45.05,45.49,892400
2002-04-24,45.8,46.45,45.68,46.34,1032600
2002-04-25,45.84,46.35,45.69,45.88,695600
2002-04-26,45.88,46.37,45.55,45.59,726300
2002-04-29,45.1,45.52,44.34,44.38,814200
2002-04-30,44.5,44.61,43.94,43.94,951900
2002-05-01,44.24,44.25,43.78,44.03,897700
2002-05-02,44.09,44.2,43.65,43.98,528500
2002-05-03,43.97,43.97,42.51,42.95,1792200
2002-05-06,42.96,42.96,41.33,41.37,1252000
2002-05-07,41.46,41.88,41.35,41.36,899200
2002-05-08,41.53,42.06,40.21,41.25,1721900
2002-05-09,41.04,41.2,40.4,40.65,1717100
2002-05-10,40.65,41.09,39.51,39.6,1635200
2002-05-13,39.66,40.5,39.5,40.33,1126100
2002-05-14,40.5,41.68,40.5,41.41,1020300
2002-05-15,41.41,43.0,40.99,42.71,1262400
2002-05-16,42.91,43.25,42.5,42.73,664000
2002-05-17,42.4,42.45,41.05,42.24,1404200
2002-05-20,42.24,42.39,41.38,41.5,1090500
2002-05-21,41.31,41.31,40.16,40.18,844400
2002-05-22,40.18,40.18,38.61,39.45,1502800
2002-05-23,39.7,39.98,39.2,39.7,735100
2002-05-24,39.84,40.48,39.79,40.09,675800
2002-05-28,40.5,40.5,38.8,38.95,826400
2002-05-29,38.96,39.73,38.5,39.52,800600
2002-05-30,39.52,39.7,39.2,39.47,687800
2002-05-31,40.02,40.73,39.77,40.44,977200
2002-06-03,40.55,40.68,39.31,39.47,860700
2002-06-04,39.47,39.99,38.9,38.91,1057400
2002-06-05,38.91,39.62,38.5,39.51,558900
2002-06-06,39.55,39.6,38.79,38.81,733400
2002-06-07,38.81,39.73,38.61,39.2,456800
2002-06-10,39.2,40.35,39.1,39.96,430200
2002-06-11,40.55,40.82,39.34,39.74,698800
2002-06-12,39.7,39.8,38.74,38.77,1467700
2002-06-13,38.5,39.04,38.21,38.42,706400
2002-06-14,37.7,38.5,37.25,38.11,1541800
2002-06-17,38.55,39.86,38.55,39.84,747300
2002-06-18,39.84,39.84,38.94,39.34,636900
2002-06-19,39.3,40.0,38.94,39.24,781400
2002-06-20,39.25,39.82,39.08,39.3,606800
2002-06-21,39.01,40.25,39.01,39.75,1117000
2002-06-24,39.5,39.5,38.66,39.29,992800
2002-06-25,39.27,39.95,38.65,38.8,897000
2002-06-26,38.5,38.65,38.01,38.55,928200
2002-06-27,38.75,39.0,38.21,38.71,988900
2002-06-28,38.46,38.82,38.05,38.05,902400
2002-07-01,38.15,38.95,36.75,36.8,1136300
2002-07-02,36.75,36.76,34.89,35.8,1987400
2002-07-03,36.29,36.45,34.99,35.89,1459300
2002-07-05,36.14,38.03,36.1,37.88,411200
2002-07-08,37.86,38.33,36.99,37.16,1027800
2002-07-09,37.13,37.65,36.0,36.0,1186300
2002-07-10,36.9,37.2,34.74,34.77,3484100
2002-07-11,35.0,36.33,34.37,36.31,4246700
2002-07-12,36.75,37.97,36.69,36.7,1663400
2002-07-15,36.75,38.0,35.1,36.8,2006000
2002-07-16,36.79,36.8,35.85,35.86,1226400
2002-07-17,36.36,36.54,35.05,35.72,1249400
2002-07-18,35.25,35.7,34.56,35.0,1583200
2002-07-19,34.65,34.85,33.49,33.87,1587800
2002-07-22,34.0,34.4,32.41,33.5,1657400
2002-07-23,33.5,33.95,31.95,32.32,1941200
2002-07-24,31.85,34.35,31.26,34.35,1887900
2002-07-25,34.0,34.01,31.71,32.28,2662200
2002-07-26,32.28,33.45,32.2,32.65,1320000
2002-07-29,33.0,35.23,33.0,35.23,1391300
2002-07-30,34.5,35.04,33.94,34.65,1727100
2002-07-31,34.65,34.65,33.0,33.5,2184900
2002-08-01,33.5,33.8,32.8,33.1,2085100
2002-08-02,32.51,32.52,31.26,31.45,1839100
2002-08-05,31.49,31.7,30.45,30.62,1366500
2002-08-06,30.62,31.9,30.62,31.65,1227600
2002-08-07,32.25,32.55,30.92,31.7,1732700
2002-08-08,31.5,32.97,31.2,32.94,1038800
2002-08-09,32.29,32.8,32.05,32.59,731600
2002-08-12,32.3,33.0,31.9,32.91,866500
2002-08-13,32.5,33.0,32.19,32.19,975800
2002-08-14,32.25,32.25,30.44,31.66,2685000
2002-08-15,31.66,33.15,31.46,33.0,1556000
2002-08-16,32.9,32.9,32.1,32.26,1085600
2002-08-19,32.4,33.45,31.9,33.36,1098800
2002-08-20,32.9,33.62,32.55,33.25,1110600
2002-08-21,32.0,32.81,31.81,32.5,2061100
2002-08-22,32.25,34.05,32.25,34.05,1331100
2002-08-23,34.05,34.7,34.0,34.17,1777600
2002-08-26,34.0,34.34,33.81,34.29,2186200
2002-08-27,34.25,34.65,33.67,33.88,1221400
2002-08-28,33.63,34.02,33.31,33.41,1977100
2002-08-29,33.16,33.23,32.41,33.15,3274400
2002-08-30,33.0,33.65,32.69,32.73,1491000
2002-09-03,32.73,32.73,31.39,31.4,2343700
2002-09-04,31.46,32.38,31.46,32.25,970700
2002-09-05,31.77,32.9,31.5,32.23,1620300
2002-09-06,32.7,33.22,32.31,33.02,784200
2002-09-09,32.38,33.21,31.81,33.0,1814600
2002-09-10,32.92,33.4,32.66,33.22,1191600
2002-09-11,33.5,33.63,32.32,32.42,1407000
2002-09-12,31.26,31.68,31.11,31.25,2148200
2002-09-13,31.25,31.5,30.56,31.2,2082000
2002-09-16,31.04,31.7,31.0,31.61,1255400
2002-09-17,32.0,32.3,31.1,31.26,1413100
2002-09-18,31.26,31.26,30.3,30.5,2157100
2002-09-19,30.35,30.37,28.46,28.51,3966600
2002-09-20,28.79,29.42,28.47,28.6,2954700
2002-09-23,28.16,28.73,27.99,28.25,1783000
2002-09-24,28.24,28.24,27.49,27.55,2017100
2002-09-25,28.03,28.57,27.7,28.2,2331000
2002-09-26,29.25,31.1,28.3,31.1,6043200
2002-09-27,30.85,31.3,30.21,30.48,2237000
2002-09-30,29.8,29.8,28.65,28.99,4566100
2002-10-01,29.38,30.25,28.4,30.02,2218100
2002-10-02,29.67,29.67,28.21,28.4,3413600
2002-10-03,28.53,29.25,27.2,28.31,3712000
2002-10-04,27.75,28.34,27.6,28.16,2045000
2002-10-07,28.0,28.15,26.38,26.45,2326100
2002-10-08,27.0,28.01,26.25,27.46,2772900
2002-10-09,26.94,27.6,26.51,27.1,2800000
2002-10-10,26.93,28.7,26.9,28.64,2630700
2002-10-11,29.4,30.0,28.7,28.88,3794600
2002-10-14,28.38,29.22,27.75,29.02,2213300
2002-10-15,30.9,30.95,30.0,30.74,2286400
2002-10-16,30.6,30.75,29.6,29.68,1739900
2002-10-17,30.6,31.25,30.39,30.4,1187800
2002-10-18,30.4,30.85,29.92,30.1,1109500
2002-10-21,30.0,32.38,29.85,32.17,3029400
2002-10-22,32.1,32.8,31.63,31.98,1486600
2002-10-23,31.5,32.4,31.05,32.2,1333100
2002-10-24,32.21,32.21,30.8,30.94,1364300
2002-10-25,30.81,32.6,30.8,32.33,1111200
2002-10-28,33.0,33.3,31.2,31.31,1251700
2002-10-29,31.06,31.69,30.6,31.39,1045200
2002-10-30,31.39,31.56,30.68,31.26,1021000
2002-10-31,31.14,31.98,30.82,30.93,738000
2002-11-01,30.94,32.02,30.13,31.85,1226700
2002-11-04,32.83,33.16,32.29,32.51,1270700
2002-11-05,32.05,33.05,31.8,32.61,1838300
2002-11-06,32.61,32.8,31.85,32.67,904000
2002-11-07,32.68,33.2,32.26,32.76,1046200
2002-11-08,32.51,33.5,32.39,32.65,770200
2002-11-11,32.49,32.49,31.63,31.63,736900
2002-11-12,31.63,32.98,30.7,32.29,1184800
2002-11-13,31.6,32.8,31.41,31.8,1162400
2002-11-14,32.5,32.65,32.02,32.23,634600
2002-11-15,31.96,32.93,31.91,32.92,687000
2002-11-18,32.95,33.5,32.61,32.67,1062100
2002-11-19,32.68,33.24,32.35,32.95,996300
2002-11-20,32.95,33.23,32.47,32.77,944500
2002-11-21,32.9,34.24,32.89,34.14,957500
2002-11-22,34.14,35.0,33.6,34.57,1096800
2002-11-25,35.0,36.35,34.96,36.22,2213100
2002-11-26,35.9,36.62,35.9,36.17,1541500
2002-11-27,35.69,36.25,35.55,36.2,1948800
2002-11-29,36.11,36.41,35.65,35.75,398900
2002-12-02,35.99,36.45,35.56,35.69,1226200
2002-12-03,35.7,35.7,34.46,34.47,1896600
2002-12-04,34.47,34.9,34.3,34.47,1263200
2002-12-05,34.41,34.42,33.69,33.86,719800
2002-12-06,33.61,34.45,33.5,34.26,1085600
2002-12-09,34.1,34.3,33.45,33.45,592400
2002-12-10,33.46,33.68,33.14,33.26,1020600
2002-12-11,32.9,33.27,32.81,33.0,565800
2002-12-12,32.95,33.6,32.8,33.45,767200
2002-12-13,33.36,33.36,32.54,32.71,720400
2002-12-16,32.67,33.22,32.47,33.22,952500
2002-12-17,33.13,33.13,32.7,32.79,685000
2002-12-18,32.71,32.81,32.26,32.55,810200
2002-12-19,32.55,33.6,32.2,32.69,1102200
2002-12-20,32.7,33.45,32.6,33.38,1024500
2002-12-23,33.11,33.54,32.74,32.77,948100
2002-12-24,32.4,33.09,32.4,32.78,348600
2002-12-26,32.79,33.3,32.72,32.92,464600
2002-12-27,32.9,32.9,32.15,32.16,570400
2002-12-30,32.16,32.65,32.05,32.57,995600
2002-12-31,32.59,33.47,32.57,32.87,986400
2003-01-02,33.1,34.18,32.87,34.03,898700
2003-01-03,34.03,34.45,33.95,34.28,772100
2003-01-06,33.71,34.87,33.51,33.94,1421700
2003-01-07,34.22,34.16,33.65,33.93,685400
2003-01-08,33.94,33.94,32.89,33.55,1634600
2003-01-09,33.49,34.25,33.49,33.99,556200
2003-01-10,33.6,34.0,33.6,33.92,414200
2003-01-13,33.99,34.3,33.54,33.7,666500
2003-01-14,33.61,34.39,33.6,34.23,675800
2003-01-15,33.7,33.71,33.0,33.09,1047800
2003-01-16,33.11,33.65,33.08,33.3,797100
2003-01-17,33.31,33.52,32.8,32.82,895400
2003-01-21,32.76,32.92,31.53,31.6,1330100
2003-01-22,31.59,32.45,31.5,32.02,1478300
2003-01-23,32.12,32.51,31.85,32.44,813700
2003-01-24,32.36,32.36,31.5,31.9,1122400
2003-01-27,31.4,31.85,30.8,31.13,1200100
2003-01-28,31.05,31.29,30.61,31.02,1038600
2003-01-29,30.45,31.75,30.45,31.55,1251200
2003-01-30,31.8,31.8,30.7,30.74,1048300
2003-01-31,30.76,31.31,30.64,31.2,1034000
2003-02-03,31.35,31.72,31.16,31.31,701700
2003-02-04,30.91,31.03,30.58,30.62,922600
2003-02-05,30.74,31.3,30.4,30.43,1116900
2003-02-06,30.19,30.42,29.99,29.99,1562900
2003-02-07,30.0,30.43,29.32,29.35,1735400
2003-02-10,29.36,30.59,28.6,30.55,3468100
2003-02-11,30.55,30.57,30.11,30.4,1555700
2003-02-12,30.45,30.45,30.05,30.05,1720800
2003-02-13,30.01,30.05,29.0,29.47,1681500
2003-02-14,29.42,30.2,29.42,30.2,999600
2003-02-18,30.2,30.8,30.2,30.7,956400
2003-02-19,30.74,30.75,30.34,30.43,686400
2003-02-20,30.63,30.75,30.22,30.22,1051400
2003-02-21,30.22,30.82,30.12,30.77,1409400
2003-02-24,30.5,30.51,29.88,29.9,737500
2003-02-25,29.51,30.18,29.5,30.18,1032300
2003-02-26,30.18,30.25,29.5,29.56,760100
2003-02-27,29.5,29.8,29.31,29.7,1614900
2003-02-28,29.95,30.5,29.95,30.22,609800
2003-03-03,30.47,30.68,29.97,30.0,612400
2003-03-04,29.93,30.02,29.36,29.36,821300
2003-03-05,29.42,30.1,29.33,30.0,1037700
2003-03-06,29.92,30.0,29.53,29.6,756500
2003-03-07,29.34,30.49,29.2,30.27,1811300
2003-03-10,30.18,30.18,29.43,29.61,827500
2003-03-11,29.61,29.82,28.9,28.93,998500
2003-03-12,28.92,28.93,28.55,28.85,1115900
2003-03-13,29.55,30.44,29.32,30.44,1383500
2003-03-14,30.63,30.85,30.17,30.42,1477600
2003-03-17,30.21,32.12,29.9,32.07,1283400
2003-03-18,32.39,32.39,31.3,31.75,1089800
2003-03-19,31.7,32.33,31.7,32.11,948900
2003-03-20,31.8,33.08,31.28,32.74,1233200
2003-03-21,33.43,34.89,32.99,34.88,2399400
2003-03-24,33.6,34.3,31.77,31.86,2909100
2003-03-25,32.19,32.9,31.92,32.8,1124800
2003-03-26,32.72,32.92,32.4,32.8,982700
2003-03-27,32.6,32.9,32.18,32.66,833000
2003-03-28,32.66,32.66,31.88,32.6,992600
2003-03-31,32.15,32.25,31.7,31.81,1015200
2003-04-01,31.81,31.95,31.23,31.29,1274600
2003-04-02,32.35,32.87,32.1,32.71,1119400
2003-04-03,32.9,33.01,32.54,32.7,622200
2003-04-04,32.78,33.07,32.58,32.74,488900
2003-04-07,33.85,34.69,33.36,33.39,905300
2003-04-08,33.35,33.52,32.8,33.43,791400
2003-04-09,33.43,33.95,32.83,32.83,881200
2003-04-10,32.8,33.01,32.59,33.01,951500
2003-04-11,33.13,33.55,32.76,33.25,808000
2003-04-14,33.5,34.3,33.5,34.29,730300
2003-04-15,34.29,34.57,33.67,34.57,1250000
2003-04-16,34.65,34.81,34.04,34.09,1512200
2003-04-17,34.0,34.91,34.0,34.91,751200
2003-04-21,34.91,35.63,34.71,35.43,1246000
2003-04-22,35.32,36.04,35.12,36.0,1446600
2003-04-23,35.96,36.0,35.5,35.94,1213900
2003-04-24,35.49,35.69,35.37,35.6,1691200
2003-04-25,35.5,35.5,34.91,34.91,1235200
2003-04-28,34.85,35.85,34.85,35.5,1546300
2003-04-29,35.5,36.14,35.06,35.89,1640700
2003-04-30,35.89,36.2,35.51,35.91,1388400
2003-05-01,35.9,35.92,35.16,35.63,892100
2003-05-02,35.0,36.41,34.9,36.33,1264600
2003-05-05,36.58,37.01,36.21,36.99,907500
2003-05-06,37.09,38.2,36.86,37.92,1425300
2003-05-07,37.77,37.99,37.44,37.72,1284100
2003-05-08,37.36,37.43,36.79,37.0,771300
2003-05-09,37.1,37.37,36.55,37.37,998800
2003-05-12,37.15,38.45,36.97,38.16,1015200
2003-05-13,38.16,38.16,37.55,37.91,840600
2003-05-14,37.92,38.0,37.22,37.26,977700
2003-05-15,37.42,37.63,37.3,37.5,1128500
2003-05-16,37.51,37.65,37.0,37.33,1042500
2003-05-19,37.5,37.54,36.65,36.66,1536800
2003-05-20,36.8,37.27,36.2,36.59,1336000
2003-05-21,36.51,36.7,36.15,36.4,766000
2003-05-22,36.43,36.83,36.15,36.55,812000
2003-05-23,36.55,36.63,36.25,36.56,449000
2003-05-27,36.4,37.73,36.33,37.73,710100
2003-05-28,37.68,38.47,37.49,38.47,1250400
2003-05-29,38.44,38.73,38.03,38.24,1125500
2003-05-30,38.24,39.35,38.24,39.1,1110500
2003-06-02,39.0,39.5,38.86,39.05,684100
2003-06-03,39.13,39.13,38.46,38.7,882600
2003-06-04,38.7,39.2,38.63,39.12,1130000
2003-06-05,39.0,39.45,38.77,39.42,1245500
2003-06-06,39.85,40.44,39.67,39.8,1358200
2003-06-09,39.53,39.65,38.83,38.97,623200
2003-06-10,39.0,39.53,39.0,39.29,481400
2003-06-11,39.06,39.46,38.84,39.4,850500
2003-06-12,39.33,39.33,38.7,39.31,1034900
2003-06-13,39.44,39.49,38.45,38.79,1478000
2003-06-16,39.0,39.65,39.0,39.65,644000
2003-06-17,39.65,39.65,39.01,39.22,752900
2003-06-18,38.85,39.11,38.55,38.97,885600
2003-06-19,39.05,39.15,37.99,38.01,1335100
2003-06-20,38.09,38.74,37.99,38.37,1522000
2003-06-23,37.94,38.35,37.76,37.95,945300
2003-06-24,38.1,38.42,37.83,38.25,872900
2003-06-25,38.09,38.59,37.92,38.02,700300
2003-06-26,38.17,38.65,38.09,38.58,1559200
2003-06-27,38.58,39.05,38.2,38.36,969500
2003-06-30,38.45,38.8,38.4,38.42,980200
2003-07-01,38.0,38.46,37.66,38.46,974200
2003-07-02,38.48,38.75,38.21,38.62,867000
2003-07-03,38.46,39.0,38.28,38.6,429400
2003-07-07,38.78,39.7,38.77,39.25,900500
2003-07-08,39.23,39.79,39.13,39.7,570800
2003-07-09,39.7,39.93,39.01,39.9,893700
2003-07-10,39.9,39.9,39.01,39.24,795800
2003-07-11,39.23,39.809,39.23,39.66,627500
2003-07-14,39.9,40.09,39.21,39.47,752000
2003-07-15,39.95,40.3,39.6,39.72,1079100
2003-07-16,39.8,39.89,39.15,39.44,682200
2003-07-17,39.48,39.55,38.13,38.23,1054900
2003-07-18,38.63,38.89,38.42,38.83,783500
2003-07-21,38.83,38.83,37.95,38.22,1111800
2003-07-22,38.47,39.13,38.44,39.06,1078200
2003-07-23,39.0,39.09,38.66,39.05,712700
2003-07-24,39.07,40.11,39.0,39.5,1200800
2003-07-25,39.7,40.95,39.64,40.79,1111000
2003-07-28,40.79,41.22,40.5,40.97,968600
2003-07-29,41.0,41.19,40.4,40.53,887800
2003-07-30,40.7,40.75,40.15,40.23,418700
2003-07-31,40.41,41.49,40.41,41.1,1029800
2003-08-01,41.04,41.3,40.7,41.16,841700
2003-08-04,40.96,41.06,39.92,40.82,700400
2003-08-05,39.82,40.64,39.55,40.04,1120400
2003-08-06,40.01,40.45,39.85,39.99,533800
2003-08-07,40.0,41.15,39.965,41.15,1107700
2003-08-08,41.15,41.4,40.85,41.06,697500
2003-08-11,41.06,41.06,40.12,40.27,930400
2003-08-12,40.46,40.46,39.93,40.43,726700
2003-08-13,40.59,40.74,40.2,40.2,946300
2003-08-14,40.3,40.5,39.96,40.4,827500
2003-08-15,40.41,40.41,39.96,40.25,216500
2003-08-18,40.36,40.66,40.35,40.6,620900
2003-08-19,40.55,40.67,40.26,40.66,706600
2003-08-20,40.85,41.0,40.45,41.0,912500
2003-08-21,41.02,41.48,40.86,41.3,1296600
2003-08-22,41.5,41.59,40.95,41.15,1190100
2003-08-25,41.25,41.27,40.92,41.0,946500
2003-08-26,40.9,41.06,40.66,40.71,815100
2003-08-27,40.6,40.8,40.6,40.65,609700
2003-08-28,40.53,40.74,40.44,40.7,789000
2003-08-29,40.68,40.94,40.6,40.83,848200
2003-09-02,40.73,41.3,40.66,41.24,1143400
2003-09-03,41.24,41.442,40.9,41.05,1736400
2003-09-04,41.05,41.2,40.65,40.75,1563000
2003-09-05,40.77,40.9,40.5,40.58,1073000
2003-09-08,40.58,41.2,40.58,40.65,765100
2003-09-09,40.45,40.71,40.19,40.28,831500
2003-09-10,40.15,40.15,39.46,39.74,1183700
2003-09-11,39.99,40.59,39.99,40.17,806700
2003-09-12,40.03,40.34,39.95,40.24,965500
2003-09-15,40.29,40.5,40.04,40.11,363400
2003-09-16,40.09,40.75,40.09,40.74,445900
2003-09-17,40.59,40.8,40.48,40.7,958100
2003-09-18,42.27,42.27,42.27,42.27,0
2003-09-19,42.27,42.98,42.27,42.88,1279900
2003-09-22,42.23,42.56,42.11,42.5,962900
2003-09-23,43.75,45.12,43.68,45.12,3531500
2003-09-24,45.0,45.44,44.17,44.2,1945000
2003-09-25,43.55,43.55,43.55,43.55,0
2003-09-26,43.62,43.95,43.51,43.59,938500
2003-09-29,43.53,44.07,43.53,43.75,696900
2003-09-30,43.37,43.49,42.6,43.03,875000
2003-10-01,43.28,44.29,42.5,44.27,932400
2003-10-02,43.94,43.94,43.94,43.94,0
2003-10-03,43.94,45.0,43.94,44.64,957000
2003-10-06,44.89,44.89,44.1,44.5,597200
2003-10-07,44.35,44.96,44.02,44.95,532200
2003-10-08,45.0,45.2,44.39,44.74,822400
2003-10-09,43.1,43.1,43.1,43.1,0
2003-10-10,43.11,43.44,42.48,42.53,2098900
2003-10-13,43.95,44.45,43.53,44.18,1295600
2003-10-14,43.9,44.22,43.53,43.99,948400
2003-10-15,44.21,44.21,43.35,43.5,635400
2003-10-16,43.6,43.6,43.6,43.6,0
2003-10-17,43.89,44.1,43.24,43.31,731500
2003-10-20,43.56,43.84,43.3,43.68,410700
2003-10-21,43.68,43.75,43.43,43.6,626700
2003-10-22,43.06,43.06,43.06,43.06,0
2003-10-23,43.0,43.56,42.95,43.56,802900
2003-10-24,43.5,43.5,42.85,43.38,641400
2003-10-27,43.38,43.7,43.17,43.4,499900
2003-10-28,43.4,43.87,43.24,43.87,492800
2003-10-29,43.87,44.04,43.6,44.04,422700
2003-10-30,43.79,43.79,43.79,43.79,0
2003-10-31,43.79,43.79,42.9,43.2,1074100
2003-11-03,43.18,43.54,43.13,43.4,599287
2003-11-04,43.2,43.3,42.89,42.95,651872
2003-11-05,42.76,43.68,42.59,43.07,436300
2003-11-06,45.15,45.15,45.15,45.15,0
2003-11-07,45.0,46.0,44.92,45.43,1305000
2003-11-10,45.0,45.6,44.0,45.31,715900
2003-11-11,46.0,47.2,45.5,46.5,2175800
2003-11-12,46.51,46.79,46.2,46.77,1169300
2003-11-13,46.55,46.55,46.55,46.55,0
2003-11-14,46.55,46.55,45.72,46.13,610400
2003-11-17,46.13,46.13,45.59,46.12,786600
2003-11-18,46.12,46.16,44.92,44.92,924300
2003-11-19,45.03,45.14,44.73,45.01,629100
2003-11-20,44.5,44.5,44.5,44.5,0
2003-11-21,44.75,44.99,44.75,44.9,575400
2003-11-24,45.39,45.39,45.39,45.39,0
2003-11-25,45.14,45.95,45.09,45.75,486300
2003-11-26,45.62,45.86,45.16,45.62,516700
2003-11-28,45.62,45.95,45.5,45.83,272700
2003-12-01,45.86,46.08,45.64,45.94,522600
2003-12-02,45.74,45.82,45.23,45.3,667300
2003-12-03,45.45,46.35,45.45,46.05,955200
2003-12-04,46.35,46.35,46.35,46.35,0
2003-12-05,46.15,46.15,45.62,45.69,488100
2003-12-08,45.6,45.99,45.59,45.89,383600
2003-12-09,45.87,46.01,45.53,45.61,488800
2003-12-10,45.58,45.76,45.42,45.58,378200
2003-12-11,45.66,45.66,45.66,45.66,0
2003-12-12,45.85,46.0,45.5,45.7,536300
2003-12-15,46.1,46.29,45.82,45.85,899800
2003-12-16,46.02,46.1,45.54,45.75,598500
2003-12-17,45.59,45.65,45.36,45.5,653700
2003-12-18,46.13,46.13,46.13,46.13,0
2003-12-19,46.13,46.14,45.32,45.7,1243300
2003-12-22,45.46,46.27,45.46,46.19,545000
2003-12-23,46.19,46.25,45.86,46.08,572200
2003-12-24,45.93,46.08,45.71,45.95,238000
2003-12-26,46.1,46.29,45.97,46.01,115900
2003-12-29,46.22,46.25,46.01,46.16,602200
2003-12-30,46.2,46.2,46.2,46.2,0
2003-12-31,46.2,46.29,46.14,46.2,596000
2004-01-02,46.08,46.35,46.0,46.15,684200
2004-01-05,46.15,46.5,46.0,46.4,891300
2004-01-06,46.15,46.28,45.85,46.18,749700
2004-01-07,45.9,46.32,45.88,46.14,788400
2004-01-08,46.62,46.62,46.62,46.62,0
2004-01-09,46.3,46.65,46.01,46.15,589400
2004-01-12,46.15,46.52,46.15,46.39,561800
2004-01-13,46.34,46.47,45.9,46.2,657500
2004-01-14,46.54,46.54,46.54,46.54,0
2004-01-15,46.6,46.74,45.84,46.7,939100
2004-01-16,46.74,46.77,46.25,46.5,1735300
2004-01-20,46.4,46.6,46.15,46.42,745900
2004-01-21,46.48,46.8,46.3,46.42,618900
2004-01-22,46.09,46.09,46.09,46.09,0
2004-01-23,46.0,46.04,45.7,45.79,735900
2004-01-26,45.79,45.8,45.32,45.57,1083500
2004-01-27,45.14,45.35,45.11,45.28,1097700
2004-01-28,45.2,45.5,44.25,44.28,1129700
2004-01-29,45.33,45.33,45.33,45.33,0
2004-01-30,45.16,45.3,44.32,44.39,1047300
2004-02-02,44.28,44.86,44.28,44.47,864400
2004-02-03,44.5,44.68,44.34,44.56,619200
2004-02-04,44.36,44.79,44.18,44.55,661300
2004-02-05,45.26,45.26,45.26,45.26,0
2004-02-06,45.2,45.94,45.15,45.73,475200
2004-02-09,45.45,46.0,45.3,45.56,520000
2004-02-10,45.8,45.29,44.25,44.67,1711500
2004-02-11,44.42,44.7,44.24,44.6,1707900
2004-02-12,44.66,44.66,44.66,44.66,0
2004-02-13,44.82,45.0,44.45,44.53,679800
2004-02-17,44.53,44.75,44.32,44.38,938200
2004-02-18,44.38,44.46,43.85,43.98,1035400
2004-02-19,44.6,44.6,44.6,44.6,0
2004-02-20,44.6,44.71,44.3,44.45,1385800
2004-02-23,44.6,44.82,44.5,44.7,764400
2004-02-24,44.7,45.4,44.41,45.18,1058800
2004-02-25,45.17,45.3,44.95,45.0,882800
2004-02-26,44.74,44.74,44.74,44.74,0
2004-02-27,43.93,45.11,43.93,44.63,907000
2004-03-01,44.98,45.34,44.75,44.79,1010600
2004-03-02,44.63,44.83,44.46,44.49,795900
2004-03-03,44.5,44.66,44.3,44.61,455900
2004-03-04,45.0,45.0,45.0,45.0,0
2004-03-05,44.9,45.64,44.71,45.42,555300
2004-03-08,45.9,46.4,45.8,45.86,785800
2004-03-09,45.72,45.73,45.05,45.08,797500
2004-03-10,45.08,45.33,44.42,44.43,794300
2004-03-11,43.31,43.31,43.31,43.31,0
2004-03-12,43.36,43.92,43.31,43.61,584800
2004-03-15,43.41,43.44,41.81,41.95,1651900
2004-03-16,42.2,42.67,41.7,42.0,1496600
2004-03-17,42.15,42.76,42.15,42.6,1102100
2004-03-18,42.1,42.1,42.1,42.1,0
2004-03-19,42.0,42.2,41.3,41.42,1514700
2004-03-22,41.12,41.14,40.64,40.79,1137200
2004-03-23,41.1,41.36,40.88,40.92,1246200
2004-03-24,41.05,41.33,40.95,41.06,1006300
2004-03-25,41.41,41.41,41.41,41.41,0
2004-03-26,41.5,42.15,41.33,41.73,1062400
2004-03-29,41.95,42.24,41.9,42.1,749200
2004-03-30,42.0,42.19,41.82,42.07,691800
2004-03-31,42.08,42.71,41.9,42.55,1304900
2004-04-01,43.68,43.68,43.68,43.68,0
2004-04-02,43.75,44.54,43.74,44.51,1610700
2004-04-05,44.4,44.84,44.4,44.8,802300
2004-04-06,44.73,44.78,44.35,44.64,688700
2004-04-07,44.64,44.64,44.05,44.4,655200
2004-04-08,44.66,44.66,44.66,44.66,0
2004-04-12,44.55,45.18,44.53,44.77,906900
2004-04-13,44.91,44.99,44.23,44.29,925800
2004-04-14,44.2,44.52,44.15,44.5,757100
2004-04-15,44.53,44.53,44.53,44.53,0
2004-04-16,44.53,44.92,44.39,44.79,450900
2004-04-19,44.79,45.0,44.5,44.96,494600
2004-04-20,44.98,45.04,44.13,44.13,765400
2004-04-21,44.25,44.5,43.38,44.37,970600
2004-04-22,47.87,47.87,47.87,47.87,0
2004-04-23,47.4,48.0,47.05,47.34,1434500
2004-04-26,47.2,47.77,47.1,47.5,848600
2004-04-27,47.51,48.31,47.38,48.0,1409800
2004-04-28,48.01,48.25,47.56,47.73,1088500
2004-04-29,47.39,47.39,47.39,47.39,0
2004-04-30,47.55,47.72,46.9,47.16,1020500
2004-05-03,47.3,47.99,47.3,47.86,936600
2004-05-04,47.93,48.47,47.63,47.95,1025500
2004-05-05,47.89,48.51,47.59,48.25,1086500
2004-05-06,47.8,47.8,47.8,47.8,0
2004-05-07,47.4,47.69,46.65,46.69,800300
2004-05-10,46.44,46.71,46.0,46.02,1076800
2004-05-11,46.1,46.83,46.03,46.75,656700
2004-05-12,46.55,47.1,46.28,47.04,953300
2004-05-13,46.98,46.98,46.98,46.98,0
2004-05-14,46.98,47.5,46.52,47.33,764600
2004-05-17,46.9,47.04,46.16,46.16,736100
2004-05-18,46.3,47.61,46.3,47.51,762700
2004-05-19,47.6,48.49,47.5,47.64,1864200
2004-05-20,47.89,47.89,47.89,47.89,0
2004-05-21,48.45,49.0,48.38,48.56,1195600
2004-05-24,48.88,48.99,48.32,48.82,1230900
2004-05-25,48.95,49.63,48.61,49.6,1268600
2004-05-26,49.29,49.7,49.07,49.3,836100
2004-05-27,49.35,49.35,49.35,49.35,0
2004-05-28,49.26,49.729,49.07,49.33,446800
2004-06-01,49.33,49.72,48.83,49.27,601300
2004-06-02,49.48,50.31,49.34,50.12,1509500
2004-06-03,49.96,50.16,49.88,49.92,1040100
2004-06-04,50.4,51.0,50.1,50.5,1507300
2004-06-07,50.6,51.25,50.6,51.14,1540700
2004-06-08,50.65,51.25,50.62,51.2,857100
2004-06-09,50.92,51.5,50.77,50.78,1793600
2004-06-10,50.6,50.63,50.03,50.08,1647200
2004-06-14,50.6,51.17,49.96,50.24,1863500
2004-06-15,51.19,51.19,50.36,50.45,5636300
2004-06-16,50.45,50.45,50.0,50.21,1410800
2004-06-17,50.25,50.25,49.81,49.98,1750400
2004-06-18,49.98,50.0,49.6,49.93,1196200
2004-06-21,49.86,50.03,49.73,49.76,1132200
2004-06-22,49.92,50.08,49.7,49.86,1879400
2004-06-23,49.91,50.09,49.77,49.99,747600
2004-06-24,49.99,50.13,49.82,49.97,1632700
2004-06-25,50.07,50.1,49.65,49.74,1837300
2004-06-28,49.99,50.35,49.87,50.01,2348600
2004-06-29,49.85,50.1,49.7,49.93,1228600
2004-06-30,50.05,50.13,49.88,49.88,1694700
2004-07-01,50.0,50.11,49.8,50.09,1776400
2004-07-02,50.09,50.25,49.7,49.78,1820400
2004-07-06,49.66,50.19,49.55,49.83,1573500
2004-07-07,49.9,50.05,49.68,49.92,1246900
2004-07-08,49.65,49.65,48.67,48.68,1818900
2004-07-09,48.85,49.03,48.5,48.94,901400
2004-07-12,49.3,49.37,48.8,49.26,675600
2004-07-13,49.19,49.89,49.19,49.85,1019200
2004-07-14,49.8,50.1,49.31,49.61,1393500
2004-07-15,50.0,50.48,49.15,49.26,1805300
2004-07-16,49.5,49.88,49.27,49.32,789200
2004-07-19,49.65,50.01,49.4,49.41,934100
2004-07-20,49.62,49.62,49.25,49.53,1100200
2004-07-21,49.86,50.0,49.6,49.67,934700
2004-07-22,49.6,49.8,48.3,48.32,1859900
2004-07-23,48.32,48.75,48.12,48.33,1536200
2004-07-26,48.26,48.49,48.18,48.43,1225800
2004-07-27,48.43,48.97,48.4,48.5,1444900
2004-07-28,48.5,48.85,48.4,48.81,2024800
2004-07-29,49.06,49.1,48.6,48.7,1105800
2004-07-30,48.65,48.8,48.59,48.8,718700
2004-08-02,48.2,48.69,48.12,48.69,1379500
2004-08-03,48.34,48.69,48.12,48.18,721200
2004-08-04,47.93,47.93,46.69,46.89,2343700
2004-08-05,47.5,47.54,46.6,46.71,1314100
2004-08-06,46.0,46.08,45.55,45.78,1123600
2004-08-09,45.97,46.04,45.45,45.48,779200
2004-08-10,45.59,45.78,45.5,45.73,692500
2004-08-11,45.65,45.65,45.24,45.53,1342600
2004-08-12,46.2,46.21,45.1,45.11,1298800
2004-08-13,45.22,45.63,44.95,45.08,874700
2004-08-16,45.19,45.99,45.13,45.85,551800
2004-08-17,46.37,46.95,46.23,46.65,1102000
2004-08-18,47.2,47.2,46.53,46.83,1332100
2004-08-19,46.93,46.93,46.27,46.52,671100
2004-08-20,46.32,46.78,46.28,46.74,846600
2004-08-23,46.9,46.94,46.45,46.55,614200
2004-08-24,46.71,47.01,46.4,46.9,968100
2004-08-25,47.0,47.9,46.96,47.46,2015000
2004-08-26,47.55,47.8,47.1,47.41,1065200
2004-08-27,47.61,47.61,47.22,47.29,450000
2004-08-30,47.4,47.54,47.05,47.14,615600
2004-08-31,47.14,47.46,47.1,47.45,471100
2004-09-01,47.54,47.62,47.25,47.48,621800
2004-09-02,47.48,48.0,47.47,47.91,631100
2004-09-03,47.95,48.09,47.78,48.0,490800
2004-09-07,48.1,48.52,48.06,48.37,556300
2004-09-08,48.41,48.5,48.13,48.24,549500
2004-09-09,48.35,48.43,48.08,48.16,744900
2004-09-10,48.1,48.34,47.9,48.3,425800
2004-09-13,48.28,48.67,48.15,48.64,458700
2004-09-14,48.74,49.18,48.72,49.17,405500
2004-09-15,48.97,49.08,48.48,48.97,689200
2004-09-16,49.0,49.3,49.0,49.21,330500
2004-09-17,49.45,49.86,49.24,49.74,837500
2004-09-20,49.5,49.66,49.31,49.47,666700
2004-09-21,49.6,50.0,49.49,49.99,790000
2004-09-22,49.99,50.0,49.42,49.94,1036800
2004-09-23,49.99,50.0,49.61,49.92,850700
2004-09-24,49.85,50.0,49.82,49.97,616500
2004-09-27,49.65,50.0,49.46,49.71,713600
2004-09-28,49.77,50.13,49.75,50.02,825600
2004-09-29,50.2,50.47,49.92,50.45,2000100
2004-09-30,50.69,52.27,50.64,51.96,2695100
2004-10-01,52.0,53.13,52.0,52.74,1857600
2004-10-04,53.69,53.69,52.9,53.42,1088700
2004-10-05,53.21,53.61,53.14,53.35,1033900
2004-10-06,53.4,53.95,53.29,53.82,961700
2004-10-07,52.85,53.3,52.59,53.02,1853600
2004-10-08,52.7,53.29,52.65,53.15,1085500
2004-10-11,53.01,53.66,52.95,53.57,977500
2004-10-12,53.57,53.57,53.02,53.21,1418200
2004-10-13,53.21,53.72,52.54,52.67,1695700
2004-10-14,52.76,52.9,52.41,52.49,961800
2004-10-15,52.7,53.49,52.65,53.13,739400
2004-10-18,52.82,53.8,52.61,53.7,863500
2004-10-19,53.58,54.0,53.55,53.75,961300
2004-10-20,53.45,53.68,53.13,53.65,1078700
2004-10-21,53.76,53.99,53.5,53.71,848200
2004-10-22,53.7,54.2,53.63,53.9,1168800
2004-10-25,53.75,53.9,52.94,53.59,991100
2004-10-26,53.58,53.99,53.35,53.94,905500
2004-10-27,53.76,54.24,53.45,54.18,1216600
2004-10-28,54.24,54.82,54.05,54.76,882000
2004-10-29,54.76,54.82,53.95,54.49,1426100
2004-11-01,54.1,54.57,53.91,54.53,850300
2004-11-02,54.41,55.14,54.22,54.43,951600
2004-11-03,54.99,55.32,54.78,55.31,785500
2004-11-04,55.3,57.25,55.22,56.99,1416900
2004-11-05,57.0,58.15,57.0,58.07,2022100
2004-11-08,57.75,58.18,57.75,57.94,1326900
2004-11-09,57.77,57.89,57.28,57.56,643400
2004-11-10,57.75,57.82,56.99,57.07,674100
2004-11-11,57.2,57.3,56.72,57.25,894200
2004-11-12,57.37,57.61,57.06,57.61,730700
2004-11-15,57.4,57.9,57.28,57.48,694200
2004-11-16,57.4,57.5,56.58,56.65,1110800
2004-11-17,56.86,57.1,56.27,56.44,1448900
2004-11-18,56.4,56.73,56.2,56.65,1079000
2004-11-19,56.55,56.75,55.86,55.86,753700
2004-11-22,56.05,56.83,55.75,56.75,1010900
2004-11-23,56.75,57.3,56.5,56.94,895000
2004-11-24,56.9,57.07,56.81,56.95,675000
2004-11-26,56.85,57.22,56.85,57.0,287000
2004-11-29,56.65,57.28,56.65,56.95,810300
2004-11-30,56.78,57.06,56.76,56.85,803700
2004-12-01,57.0,57.99,57.0,57.88,1341000
2004-12-02,57.85,58.02,57.59,57.81,444700
2004-12-03,57.7,58.42,57.58,58.29,637800
2004-12-06,57.9,58.32,57.6,57.91,405000
2004-12-07,57.81,58.61,57.61,57.97,873100
2004-12-08,58.03,59.48,58.03,58.99,1165000
2004-12-09,58.55,60.29,58.55,60.27,1840200
2004-12-10,60.0,60.73,60.0,60.25,1146300
2004-12-13,60.3,61.8,60.1,61.75,1780600
2004-12-14,61.2,62.01,61.19,62.0,1519600
2004-12-15,62.01,63.04,62.0,62.03,1749300
2004-12-16,61.65,63.0,61.55,62.56,1838800
2004-12-17,62.1,63.86,62.1,63.38,2179100
2004-12-20,63.0,63.99,63.0,63.05,913300
2004-12-21,62.75,63.34,62.7,63.09,1304600
2004-12-22,62.7,63.45,62.7,63.2,1186700
2004-12-23,63.15,63.39,63.05,63.24,909800
2004-12-27,63.13,63.19,62.5,62.8,624200
2004-12-28,62.99,63.6,62.87,63.55,922000
2004-12-29,63.3,63.52,62.95,63.06,680300
2004-12-30,62.96,63.4,62.75,63.18,576800
2004-12-31,63.15,63.56,62.98,62.98,349200
2005-01-03,62.74,62.98,62.42,62.54,1012800
2005-01-04,62.4,62.69,61.58,61.58,1098600
2005-01-05,61.85,62.0,61.53,61.62,1050200
2005-01-06,61.71,62.45,61.71,62.2,671500
2005-01-07,62.21,62.48,61.996,62.11,493400
2005-01-10,61.9,62.22,61.7,61.84,852800
2005-01-11,61.85,61.85,60.89,61.0,1117800
2005-01-12,61.1,61.28,60.71,61.13,1051100
2005-01-13,62.0,63.15,61.88,62.12,1677300
2005-01-14,62.27,63.46,62.26,63.33,951000
2005-01-18,62.93,64.27,62.93,64.08,1292200
2005-01-19,63.85,64.53,63.72,63.86,1047800
2005-01-20,63.5,63.7,63.05,63.23,1588000
2005-01-21,63.23,63.31,62.5,62.5,922700
2005-01-24,62.6,63.01,61.9,61.92,831500
2005-01-25,62.29,62.48,61.89,62.02,636900
2005-01-26,62.02,62.57,62.02,62.54,1061000
2005-01-27,62.56,64.28,62.45,63.71,1627100
2005-01-28,63.8,64.0,62.76,63.68,1021700
2005-01-31,63.8,63.99,62.9,63.18,1277900
2005-02-01,63.55,63.78,62.81,63.23,1344600
2005-02-02,63.1,63.87,63.0,63.51,547800
2005-02-03,63.7,64.25,63.38,64.13,1838900
2005-02-04,64.16,65.55,63.89,65.55,1116300
2005-02-07,65.55,67.0,65.43,66.5,1399200
2005-02-08,65.5,66.2,64.25,65.74,2868700
2005-02-09,65.69,65.72,64.21,64.55,1062500
2005-02-10,64.51,64.58,64.05,64.08,1555300
2005-02-11,63.9,65.25,63.7,65.11,1369100
2005-02-14,65.11,65.2,64.72,65.0,625200
2005-02-15,65.0,65.36,64.65,64.97,956800
2005-02-16,64.92,65.0,64.572,64.8,730500
2005-02-17,64.79,64.91,63.93,63.93,987500
2005-02-18,63.97,64.39,63.75,63.77,1501300
2005-02-22,63.76,63.78,62.52,62.67,2047100
2005-02-23,62.54,63.0,62.34,62.5,1470000
2005-02-24,62.4,62.69,61.74,62.58,1326300
2005-02-25,62.8,64.3,62.75,64.13,1038600
2005-02-28,64.02,64.75,63.55,64.1,766300
2005-03-01,64.6,64.85,64.3,64.64,1237100
2005-03-02,64.39,65.63,64.14,65.46,1488300
2005-03-03,65.66,66.1,65.35,65.8,832200
2005-03-04,66.0,66.94,65.82,66.89,1263200
2005-03-07,66.7,68.0,66.7,67.77,1154700
2005-03-08,67.49,67.7,66.82,66.96,1142500
2005-03-09,66.83,66.84,66.07,66.15,1017400
2005-03-10,66.23,66.58,65.9,66.05,1198000
2005-03-11,66.15,66.43,65.75,66.07,992000
2005-03-14,66.24,66.96,66.24,66.91,732000
2005-03-15,67.0,67.69,66.94,67.34,1092800
2005-03-16,67.01,67.35,66.65,66.65,1042100
2005-03-17,66.65,66.84,65.84,65.87,1303100
2005-03-18,65.8,66.04,65.15,65.24,3020700
2005-03-21,65.36,65.44,64.86,64.96,687400
2005-03-22,65.1,65.57,64.58,64.59,1293300
2005-03-23,64.63,65.22,64.15,65.11,1061100
2005-03-24,65.03,65.63,65.03,65.19,743400
2005-03-28,65.24,65.55,64.96,64.96,554900
2005-03-29,64.69,65.02,64.38,64.5,1132000
2005-03-30,64.8,66.62,64.75,66.62,1367800
2005-03-31,66.62,67.1,66.16,66.86,1034900
2005-04-01,67.11,67.25,65.97,65.97,707100
2005-04-04,66.0,66.25,65.52,65.95,805800
2005-04-05,66.16,67.2,66.16,67.05,869800
2005-04-06,67.06,67.31,66.54,66.75,650700
2005-04-07,66.9,67.65,66.9,67.53,902800
2005-04-08,67.6,67.76,66.93,67.46,827900
2005-04-11,67.5,68.15,67.5,67.83,927700
2005-04-12,67.75,68.47,67.61,68.34,1256100
2005-04-13,68.45,69.22,67.37,67.48,1166400
2005-04-14,67.66,67.66,66.33,66.43,980900
2005-04-15,66.2,66.21,64.0,64.1,2195600
2005-04-18,64.09,64.3,62.85,62.85,2301600
2005-04-19,63.0,63.49,62.54,62.65,1872000
2005-04-20,62.8,62.98,61.98,62.2,1617400
2005-04-21,64.7,65.49,62.6,63.37,2975000
2005-04-22,63.65,64.95,63.41,63.86,1827100
2005-04-25,64.02,64.99,64.02,64.94,1467000
2005-04-26,65.0,66.07,64.94,65.84,1534800
2005-04-27,65.85,66.03,65.2,65.89,1431900
2005-04-28,65.5,65.51,63.22,63.37,2132100
2005-04-29,63.8,64.15,62.2,62.75,2622800
2005-05-02,62.8,63.0,60.8,61.3,3322100
2005-05-03,61.29,61.44,60.59,60.87,2352000
2005-05-04,61.0,62.11,60.8,62.1,2381800
2005-05-05,62.0,62.43,61.4,62.11,1806100
2005-05-06,62.24,62.4,61.8,61.93,1236000
2005-05-09,61.93,62.76,61.62,62.65,999000
2005-05-10,62.25,62.48,61.44,61.65,1352700
2005-05-11,61.64,62.13,60.94,61.96,778600
2005-05-12,61.96,62.11,61.01,61.32,1068700
2005-05-13,61.51,61.53,60.4,60.8,1415400
2005-05-16,60.91,61.88,60.4,61.88,1004000
2005-05-17,61.63,62.64,61.17,62.52,1013100
2005-05-18,62.88,64.53,62.64,64.45,1513500
2005-05-19,64.5,65.28,64.4,65.2,1106600
2005-05-20,65.17,65.25,64.65,65.0,646800
2005-05-23,65.3,65.95,65.0,65.82,734500
2005-05-24,66.48,67.0,66.42,67.0,1806900
2005-05-25,66.99,67.25,66.38,66.58,1144700
2005-05-26,66.7,67.3,66.66,67.27,947300
2005-05-27,67.07,67.8,67.07,67.44,942600
2005-05-31,67.39,67.96,67.134,67.54,780800
2005-06-01,67.23,68.65,67.02,67.8,1406200
2005-06-02,67.72,69.87,67.42,69.81,1752800
2005-06-03,69.81,69.91,69.18,69.53,1411900
2005-06-06,69.45,69.75,69.25,69.31,783400
2005-06-07,69.32,70.01,69.16,69.21,1100200
2005-06-08,69.22,69.7,68.55,68.81,790800
2005-06-09,68.75,69.71,68.29,69.64,703100
2005-06-10,69.58,69.73,68.41,68.61,991000
2005-06-13,68.25,68.84,67.9,68.2,916600
2005-06-14,68.21,69.0,68.19,68.95,837600
2005-06-15,69.0,69.4,68.3,68.73,942300
2005-06-16,68.78,69.2,68.5,68.99,892000
2005-06-17,69.15,69.51,68.72,69.27,1016600
2005-06-20,69.3,69.56,68.83,69.34,490500
2005-06-21,69.24,69.7,68.7,68.8,789300
2005-06-22,69.87,69.87,69.0,69.03,824400
2005-06-23,69.03,69.34,68.11,68.21,833900
2005-06-24,68.0,68.42,67.83,67.88,1217600
2005-06-27,67.64,68.16,67.25,67.73,821000
2005-06-28,67.93,68.72,67.91,68.45,478100
2005-06-29,68.46,68.69,68.19,68.34,766500
2005-06-30,68.42,68.6,67.91,68.22,1204700
2005-07-01,68.22,68.82,68.08,68.69,687400
2005-07-05,68.48,69.69,68.17,69.1,676000
2005-07-06,69.02,69.33,68.83,68.83,630300
2005-07-07,67.99,68.77,67.34,68.59,1525000
2005-07-08,68.57,69.73,68.5,69.49,628200
2005-07-11,69.55,70.62,69.38,70.52,825000
2005-07-12,70.52,70.52,69.95,70.28,679600
2005-07-13,70.41,70.78,70.22,70.4,935500
2005-07-14,70.1,70.1,67.9,67.9,3124900
2005-07-15,68.3,68.8,67.65,67.86,1562000
2005-07-18,67.73,67.96,67.14,67.15,1727600
2005-07-19,67.69,68.25,67.46,67.6,1618400
2005-07-20,67.6,68.5,67.0,68.44,861000
2005-07-21,68.53,68.53,67.74,68.09,826200
2005-07-22,68.2,68.58,67.7,68.58,801300
2005-07-25,68.54,68.96,68.25,68.3,829900
2005-07-26,69.0,69.3,68.5806,69.13,842000
2005-07-27,69.2,69.41,68.36,68.39,797100
2005-07-28,68.4,70.63,68.35,69.59,838900
2005-07-29,69.58,69.65,68.38,68.47,703500
2005-08-01,66.55,69.11,66.55,68.54,652700
2005-08-02,68.55,69.25,68.34,69.01,713400
2005-08-03,68.81,69.62,68.81,69.18,836000
2005-08-04,69.02,69.34,68.47,68.81,1115300
2005-08-05,68.67,69.02,68.28,68.4,1293000
2005-08-08,68.41,68.71,67.9,68.21,745200
2005-08-09,68.4,68.72,68.25,68.4,838300
2005-08-10,68.4,69.49,68.4,68.94,996000
2005-08-11,68.76,68.85,68.01,68.61,1056400
2005-08-12,68.41,68.62,67.73,67.79,930900
2005-08-15,67.84,68.07,67.66,67.8,679600
2005-08-16,67.8,67.95,67.57,67.68,1194100
2005-08-17,67.76,68.15,67.65,67.65,1090300
2005-08-18,67.5,67.61,67.3,67.5,699100
2005-08-19,67.75,67.76,67.44,67.54,563700
2005-08-22,67.1,67.46,66.56,66.79,1460600
2005-08-23,66.71,67.15,66.59,66.96,1257100
2005-08-24,66.97,67.14,66.51,66.69,831000
2005-08-25,65.75,66.81,65.7,66.57,812200
2005-08-26,66.64,66.75,65.7,65.78,943000
2005-08-29,65.68,65.68,65.0,65.1,2307000
2005-08-30,64.95,64.95,62.17,62.6,3223100
2005-08-31,62.6,63.4,62.6,63.21,2875600
2005-09-01,63.44,63.61,61.32,61.38,2723300
2005-09-02,62.12,62.12,60.41,61.32,2005500
2005-09-06,61.6,62.61,61.54,62.55,1495200
2005-09-07,62.45,64.34,62.43,63.97,1785100
2005-09-08,63.66,63.67,62.41,62.42,2000200
2005-09-09,62.42,63.04,62.24,62.98,1683700
2005-09-12,62.8,63.1,61.96,62.25,1700200
2005-09-13,62.26,63.22,62.15,62.99,2253000
2005-09-14,63.05,63.48,62.63,62.63,2058200
2005-09-15,62.64,62.81,61.97,62.03,1322300
2005-09-16,62.04,62.25,61.3,61.5,3317900
2005-09-19,61.65,61.65,60.45,60.9,1661800
2005-09-20,60.97,61.09,60.11,60.35,1736400
2005-09-21,60.15,60.19,59.44,59.99,1933100
2005-09-22,60.24,61.69,59.91,61.06,1331700
2005-09-23,61.15,62.15,60.79,61.85,1172100
2005-09-26,62.2,62.57,61.26,61.57,1054900
2005-09-27,61.43,61.88,60.8,61.39,1028800
2005-09-28,61.32,61.63,60.36,60.82,1031200
2005-09-29,60.94,60.94,59.86,60.54,1362600
2005-09-30,60.63,63.16,60.48,63.0,1519000
2005-10-03,63.36,63.36,62.75,63.05,957800
2005-10-04,63.53,64.6,63.35,63.48,1588500
2005-10-05,63.4,63.61,62.48,63.17,1275600
2005-10-06,65.1,65.11,63.05,63.71,2015100
2005-10-07,63.86,64.2,63.09,63.49,989300
2005-10-10,63.49,63.61,61.85,61.93,1391000
2005-10-11,62.14,62.64,61.35,61.48,1012000
2005-10-12,61.51,62.34,60.07,60.44,1565800
2005-10-13,60.45,60.95,59.7,60.65,1331600
2005-10-14,60.99,61.55,60.96,61.35,758600
2005-10-17,61.34,61.34,60.16,60.45,973900
2005-10-18,60.5,60.52,58.57,59.1,2039800
2005-10-19,59.12,61.77,59.02,61.77,2071800
2005-10-20,61.95,62.7,60.9,61.0,1547700
2005-10-21,61.31,61.87,60.51,61.31,901400
2005-10-24,61.06,62.09,61.0,61.96,1228100
2005-10-25,61.75,62.06,60.67,61.01,1204100
2005-10-26,60.91,60.98,59.68,59.82,1911800
2005-10-27,59.83,59.84,58.01,58.1,2066700
2005-10-28,58.11,59.54,58.11,59.4,1028700
2005-10-31,59.8,60.15,59.62,59.62,1526800
2005-11-01,59.65,59.65,58.85,58.97,1696700
2005-11-02,59.1,60.83,58.8,60.44,1011300
2005-11-03,60.9,61.89,60.81,61.47,1698300
2005-11-04,61.95,62.07,61.2,62.05,1089000
2005-11-07,61.9,62.1,61.36,61.59,1362300
2005-11-08,61.59,61.62,60.96,61.13,949600
2005-11-09,61.37,61.75,60.93,61.23,1171300
2005-11-10,60.95,63.68,60.6703,63.58,1847600
2005-11-11,62.9,63.33,62.8,63.18,790200
2005-11-14,63.04,63.88,62.95,63.75,604100
2005-11-15,63.93,64.0,62.86,63.08,874400
2005-11-16,63.33,63.35,62.75,62.75,737200
2005-11-17,62.9,63.11,62.74,63.11,960200
2005-11-18,63.55,63.78,63.11,63.64,810700
2005-11-21,63.49,64.53,63.23,64.47,1114300
2005-11-22,64.22,64.71,63.81,64.56,776000
2005-11-23,64.38,65.07,64.26,64.77,808700
2005-11-25,64.99,65.05,64.55,64.68,299800
2005-11-28,64.78,65.0,63.7,63.74,1119600
2005-11-29,64.25,64.86,63.97,64.83,1128900
2005-11-30,64.99,66.1,64.52,64.61,1379500
2005-12-01,66.3,67.7,65.99,67.28,2189700
2005-12-02,67.4,67.88,66.88,67.32,1379300
2005-12-05,66.9,67.22,66.73,67.17,1046700
2005-12-06,67.34,67.91,66.9,67.05,1184500
2005-12-07,66.9,67.19,66.1,67.07,3736700
2005-12-08,67.01,68.01,66.9,67.65,1257400
2005-12-09,67.68,67.8,66.97,67.69,1253700
2005-12-12,67.72,68.12,67.63,67.94,768800
2005-12-13,67.75,68.11,67.38,67.7,1920400
2005-12-14,67.83,68.18,67.39,67.67,1720300
2005-12-15,67.6,68.29,67.271,67.75,1327300
2005-12-16,67.75,67.96,67.41,67.72,2012300
2005-12-19,67.71,67.72,66.85,66.96,1057300
2005-12-20,66.8,67.45,66.72,66.96,1085800
2005-12-21,67.04,67.6,67.0,67.2,870800
2005-12-22,67.45,68.06,67.1,68.05,785000
2005-12-23,68.09,68.15,67.38,67.46,470300
2005-12-27,67.47,67.8,67.06,67.15,702000
2005-12-28,67.15,67.53,66.96,67.02,558900
2005-12-29,67.35,68.32,67.2,67.76,738500
2005-12-30,67.75,67.76,66.97,66.97,773300
2006-01-03,67.12,67.58,66.46,67.51,1346900
2006-01-04,67.76,68.49,67.66,68.25,1739200
2006-01-05,68.25,68.78,67.62,68.08,1485700
2006-01-06,68.33,68.8,68.2401,68.53,610800
2006-01-09,68.03,69.72,68.03,69.29,1114900
2006-01-10,68.75,69.28,68.38,69.08,1062500
2006-01-11,69.05,70.0,68.9,69.98,941600
2006-01-12,69.6,69.78,69.09,69.32,779400
2006-01-13,69.51,69.8,69.29,69.55,599400
2006-01-17,69.18,69.5,68.77,69.01,1316300
2006-01-18,69.01,69.75,68.16,69.17,1555800
2006-01-19,68.3,68.86,67.597,68.6,996900
2006-01-20,68.6,68.61,66.56,66.58,1500200
2006-01-23,66.61,66.98,66.277,66.59,876700
2006-01-24,66.81,67.4,66.67,66.97,973600
2006-01-25,67.22,67.43,66.88,67.18,871800
2006-01-26,67.65,68.46,67.5,68.13,761600
2006-01-27,68.25,69.22,68.13,69.05,741500
2006-01-30,69.25,69.25,67.13,67.24,1288700
2006-01-31,67.55,68.2,66.42,66.64,1811700
2006-02-01,66.44,67.97,66.44,67.97,1202200
2006-02-02,67.5,67.5,66.23,66.65,1022800
2006-02-03,66.4,66.76,65.9,66.05,970200
2006-02-06,66.39,66.85,66.11,66.8,1359000
2006-02-07,65.9,67.45,65.28,66.58,820600
2006-02-08,64.63,66.5,64.63,66.11,1041800
2006-02-09,68.1,68.39,67.49,67.64,1522400
2006-02-10,68.9,69.96,68.84,69.44,2563200
2006-02-13,69.0,69.2,68.65,68.9,1077500
2006-02-14,68.98,69.0,68.05,68.73,1320600
2006-02-15,68.27,69.92,68.25,69.73,1052000
2006-02-16,69.25,69.78,69.21,69.5,1231200
2006-02-17,69.2,69.65,69.05,69.28,661300
2006-02-21,69.28,69.28,67.8,67.83,1032700
2006-02-22,67.84,68.86,67.82,68.32,803300
2006-02-23,67.95,68.83,67.95,68.75,853500
2006-02-24,68.8,68.99,68.47,68.54,788100
2006-02-27,68.5,69.27,68.39,69.25,742900
2006-02-28,69.0,69.26,68.4,68.4,1179500
2006-03-01,68.65,69.25,68.51,68.81,736800
2006-03-02,68.66,68.87,68.25,68.38,1171600
2006-03-03,68.13,68.45,67.88,68.05,668500
2006-03-06,68.35,69.23,68.18,68.41,899700
2006-03-07,68.16,68.46,67.65,67.88,880600
2006-03-08,67.89,68.57,67.69,68.49,591600
2006-03-09,68.31,68.94,68.3,68.35,644200
2006-03-10,68.2,68.65,67.91,67.93,1069100
2006-03-13,68.05,68.3,67.64,67.68,897600
2006-03-14,67.59,67.93,67.4,67.59,1057400
2006-03-15,67.55,67.89,67.43,67.58,874200
2006-03-16,67.83,68.32,67.59,68.06,1058800
2006-03-17,68.52,69.25,68.22,69.25,1050000
2006-03-20,69.13,69.49,68.7,69.05,678200
2006-03-21,69.25,69.8,68.88,69.47,1000300
2006-03-22,69.05,69.86,69.05,69.54,747200
2006-03-23,69.02,69.47,68.928,69.3,1077300
2006-03-24,70.69,70.69,67.91,68.8,901500
2006-03-27,68.7,69.16,68.5,68.86,717300
2006-03-28,68.7,69.12,68.4,68.59,773100
2006-03-29,68.55,69.5,68.55,69.22,639000
2006-03-30,68.93,69.49,68.91,69.32,700600
2006-03-31,69.27,69.35,68.6,68.6,943400
2006-04-03,68.65,70.37,68.57,70.0,2018800
2006-04-04,70.01,70.77,69.54,70.7,1084000
2006-04-05,70.35,72.1,70.26,71.85,1919900
2006-04-06,71.84,72.44,71.5,72.31,871500
2006-04-07,72.15,73.03,72.0,72.39,1727400
2006-04-10,72.21,72.21,71.15,71.46,1079000
2006-04-11,71.64,71.94,70.23,70.23,1123400
2006-04-12,70.18,70.57,69.89,70.18,1134800
2006-04-13,70.3,70.83,69.91,70.08,687600
2006-04-17,70.51,71.68,70.5,71.6,1134700
2006-04-18,71.8,73.13,71.76,72.74,1676600
2006-04-19,72.94,73.24,72.51,73.07,1132900
2006-04-20,72.23,73.53,72.23,73.26,1167200
2006-04-21,73.5,73.68,72.6,73.37,941000
2006-04-24,73.07,73.45,72.83,72.93,1047600
2006-04-25,73.18,73.2,71.85,72.34,827300
2006-04-26,72.35,72.65,71.6,72.65,869400
2006-04-27,72.65,74.59,72.6,73.7,1337700
2006-04-28,73.45,74.2,72.9,73.07,813100
2006-05-01,73.0,73.64,72.99,73.39,887200
2006-05-02,73.69,73.92,72.8,73.04,1014900
2006-05-03,72.84,74.0,72.84,73.85,829100
2006-05-04,73.65,74.91,73.61,74.8,1075600
2006-05-05,74.95,75.56,74.7201,75.31,879700
2006-05-08,75.31,76.38,74.25,76.38,1126700
2006-05-09,76.1,76.76,75.97,76.66,878400
2006-05-10,76.4,76.57,76.01,76.35,969600
2006-05-11,76.16,76.5,75.21,75.56,1133700
2006-05-12,75.05,75.33,74.56,74.91,1021900
2006-05-15,74.91,75.17,74.47,75.09,1052200
2006-05-16,75.01,75.5034,74.9,75.01,787100
2006-05-17,74.25,74.57,72.78,72.87,1623400
2006-05-18,72.86,73.49,72.27,72.27,1094900
2006-05-19,73.2,73.76,72.81,73.43,1721100
2006-05-22,72.59,73.24,71.96,72.44,1188900
2006-05-23,72.7,73.28,71.68,71.68,1191700
2006-05-24,71.69,72.66,71.11,72.01,1520800
2006-05-25,72.49,72.94,72.21,72.65,977800
2006-05-26,72.9,73.73,72.55,73.14,751100
2006-05-30,73.14,73.16,71.67,71.69,1128100
2006-05-31,71.86,73.12,71.86,72.33,848700
2006-06-01,72.37,74.77,72.37,74.62,1131900
2006-06-02,74.62,74.95,73.77,74.08,1351300
2006-06-05,73.62,73.82,73.0,73.1,869400
2006-06-06,73.0,73.04,71.55,72.2,1574500
2006-06-07,72.4,73.45,72.31,73.01,1282900
2006-06-08,73.01,73.01,71.49,72.06,2443300
2006-06-09,72.21,73.27,72.21,72.85,946200
2006-06-12,36.55,36.7,36.06,36.07,2451300
2006-06-13,35.8,36.44,35.17,35.5,2840600
2006-06-14,35.51,35.87,34.71,35.08,4017200
2006-06-15,35.08,36.12,34.79,36.02,2372000
2006-06-16,35.98,36.17,35.87,35.97,1831800
2006-06-19,36.1,36.36,35.94,36.0,1465900
2006-06-20,35.92,36.48,35.78,36.19,1614200
2006-06-21,36.19,36.57,36.05,36.53,1422500
2006-06-22,36.8,36.8,35.91,36.0,1432500
2006-06-23,35.86,36.51,35.85,36.28,1399400
2006-06-26,36.2,36.5,36.07,36.3,1165300
2006-06-27,36.1,36.44,36.0,36.15,1302500
2006-06-28,36.16,36.62,36.16,36.57,1242300
2006-06-29,36.73,37.79,36.73,37.72,2435100
2006-06-30,38.0,38.44,37.92,38.12,1803400
2006-07-03,38.12,38.19,37.91,38.07,1003900
2006-07-05,37.82,37.82,37.3,37.55,2015800
2006-07-06,37.53,37.94,37.47,37.61,2523800
2006-07-07,37.43,37.77,37.26,37.37,3077300
2006-07-10,37.51,37.7,37.44,37.52,1828800
2006-07-11,37.46,37.8,37.06,37.5,2523900
2006-07-12,37.55,37.7,37.11,37.37,2743800
2006-07-13,38.21,38.36,36.0,36.15,7080500
2006-07-14,36.3,36.31,35.0,35.25,5560100
2006-07-17,35.05,36.7,34.82,36.63,4160700
2006-07-18,36.33,36.84,35.86,36.24,2405000
2006-07-19,36.57,37.05,36.44,36.92,2127600
2006-07-20,37.02,37.1,36.45,36.46,2000400
2006-07-21,36.7,36.7,35.44,35.49,2812800
2006-07-24,35.8,36.86,35.8,36.78,2234900
2006-07-25,36.78,37.68,36.29,37.55,2434400
2006-07-26,37.28,37.29,36.5,36.5,4092300
2006-07-27,36.51,36.8,34.79,34.82,7094200
2006-07-28,34.96,35.57,34.59,35.33,4248000
2006-07-31,35.2,35.68,35.02,35.18,1578100
2006-08-01,35.19,35.22,34.8,35.16,2157200
2006-08-02,35.2,35.94,35.2,35.92,1690300
2006-08-03,35.92,36.6,35.4415,36.4,3149300
2006-08-04,36.9,37.17,35.99,36.0,2982600
2006-08-07,35.99,36.3,35.65,35.99,1738400
2006-08-08,35.99,36.0,35.12,35.15,1515000
2006-08-09,35.39,35.57,34.92,34.96,2601600
2006-08-10,34.7,35.44,34.3,35.36,3043200
2006-08-11,35.35,35.79,35.17,35.48,2489200
2006-08-14,35.73,36.25,35.73,36.01,1394900
2006-08-15,36.47,36.47,36.0,36.27,1502000
2006-08-16,36.3,37.1,36.23,36.98,1492700
2006-08-17,36.98,37.44,36.94,37.23,1229800
2006-08-18,37.27,37.33,36.81,37.2,1010000
2006-08-21,36.94,37.2,36.6,36.7,1021200
2006-08-22,36.5,37.09,36.5,36.77,1319900
2006-08-23,36.77,36.82,36.34,36.4,1237300
2006-08-24,36.22,36.6,36.22,36.39,1003000
2006-08-25,36.2,36.26,35.81,36.0,1275600
2006-08-28,35.87,36.92,35.87,36.55,1468800
2006-08-29,36.45,37.16,36.45,37.06,1189600
2006-08-30,36.99,37.2,36.87,37.09,1103200
2006-08-31,37.1,37.91,37.03,37.66,1550600
2006-09-01,37.57,37.92,37.33,37.39,1814300
2006-09-05,37.51,37.98,37.5,37.6,1183000
2006-09-06,37.22,37.47,37.06,37.14,1288000
2006-09-07,36.95,37.3,36.27,37.12,2299400
2006-09-08,37.22,37.61,37.19,37.52,1940800
2006-09-11,37.52,38.07,37.28,37.86,2491500
2006-09-12,37.86,39.18,37.81,39.01,2465700
2006-09-13,38.84,39.44,38.84,39.04,1893100
2006-09-14,39.0,39.01,38.5,38.64,1688700
2006-09-15,38.7,38.8,38.57,38.67,2785400
2006-09-18,38.73,39.05,38.55,38.68,1332100
2006-09-19,38.82,38.83,38.41,38.81,1292200
2006-09-20,39.05,39.33,38.91,39.2,1431800
2006-09-21,39.36,39.74,38.98,39.15,2151000
2006-09-22,39.15,39.15,38.18,38.49,1693600
2006-09-25,38.48,38.96,37.9,38.87,2284800
2006-09-26,38.8,39.12,38.62,38.68,1890300
2006-09-27,38.68,39.11,38.63,38.65,2095400
2006-09-28,38.82,38.84,38.46,38.48,1728600
2006-09-29,38.4,39.15,38.4,38.64,1880700
2006-10-02,38.85,39.42,38.85,39.1,2653800
2006-10-03,39.0,39.01,37.89,37.96,5761700
2006-10-04,37.96,38.58,37.88,38.33,3872700
2006-10-05,38.33,41.18,38.3,40.85,7737900
2006-10-06,40.58,40.74,40.02,40.35,3974700
2006-10-09,40.35,40.56,39.95,40.18,2374300
2006-10-10,40.31,40.7,40.153,40.55,1710000
2006-10-11,40.23,40.4,39.52,39.7,2142500
2006-10-12,39.95,40.18,39.77,40.1,1515600
2006-10-13,40.0,40.9,40.0,40.85,1751100
2006-10-16,40.91,41.16,40.53,41.04,1600100
2006-10-17,40.65,41.39,40.35,41.25,2092400
2006-10-18,41.7,41.75,40.79,41.07,1758500
2006-10-19,41.43,41.83,40.6,41.1,2757200
2006-10-20,41.27,41.81,41.1,41.6,1856300
2006-10-23,41.5,41.88,41.37,41.88,2062400
2006-10-24,41.88,41.98,41.66,41.92,1597400
2006-10-25,41.7,41.94,41.48,41.82,1516100
2006-10-26,41.61,41.7,41.06,41.63,1572200
2006-10-27,41.5,41.66,41.17,41.5,1800500
2006-10-30,41.5,42.0,41.25,41.98,1457200
2006-10-31,42.0,42.25,41.52,41.77,2127200
2006-11-01,41.9,42.02,41.46,42.01,1964400
2006-11-02,41.81,42.21,41.62,42.21,2155300
2006-11-03,42.21,42.25,41.79,41.95,2276000
2006-11-06,42.5,43.58,42.45,42.7,3423700
2006-11-07,42.54,43.01,42.34,42.93,1807300
2006-11-08,42.97,43.38,42.54,43.27,1862700
2006-11-09,43.24,43.45,43.0,43.39,1925600
2006-11-10,43.4,43.81,43.17,43.74,1153100
2006-11-13,43.79,44.58,43.74,44.55,2009800
2006-11-14,44.45,44.83,44.1,44.76,2159100
2006-11-15,44.65,45.171,44.39,44.87,1677100
2006-11-16,45.33,45.33,44.96,45.09,1852600
2006-11-17,44.95,45.26,44.78,45.26,1182600
2006-11-20,44.46,45.74,44.46,45.68,1446100
2006-11-21,45.75,45.98,45.25,45.27,3127800
2006-11-22,45.52,46.87,45.5,46.75,3287300
2006-11-24,46.0,46.5,45.95,46.45,888900
2006-11-27,45.25,45.8,44.75,44.91,3990500
2006-11-28,44.63,44.85,44.24,44.84,3687200
2006-11-29,44.84,45.4,44.83,45.2,2662300
2006-11-30,45.19,45.37,44.88,45.15,1684600
2006-12-01,45.23,45.44,44.81,45.21,1705700
2006-12-04,45.52,46.48,45.51,46.48,1811800
2006-12-05,46.51,46.71,46.07,46.52,1859200
2006-12-06,46.53,46.69,46.32,46.4,1243400
2006-12-07,46.5,46.55,46.07,46.29,1530800
2006-12-08,46.29,46.69,46.24,46.39,1209400
2006-12-11,46.13,46.26,45.85,45.92,2006700
2006-12-12,46.0,46.3,45.87,46.0,1964600
2006-12-13,46.39,46.51,46.15,46.26,1301200
2006-12-14,46.3,46.74,46.14,46.67,1295900
2006-12-15,46.82,46.97,45.93,45.93,2760000
2006-12-18,45.94,46.41,45.78,45.87,1580300
2006-12-19,45.87,46.44,45.55,46.35,1430500
2006-12-20,46.37,47.0,46.37,46.8,1482800
2006-12-21,46.71,46.97,46.47,46.61,1153200
2006-12-22,46.64,46.99,46.43,46.66,1653600
2006-12-26,46.63,47.43,46.41,47.31,1494300
2006-12-27,47.31,47.85,47.27,47.75,1806600
2006-12-28,47.8,48.31,47.7,48.1,1038400
2006-12-29,48.04,48.05,47.64,47.72,1203400
2007-01-03,47.7,47.85,47.19,47.34,2402100
2007-01-04,46.8,46.98,45.7,46.17,3315400
2007-01-05,45.9,46.0,44.99,45.1,3467900
2007-01-08,45.17,46.06,44.79,45.63,2808300
2007-01-09,45.53,46.34,45.53,46.23,3445300
2007-01-10,46.23,46.5,45.92,46.45,1861600
2007-01-11,46.65,46.95,46.4,46.86,2165000
2007-01-12,46.75,47.34,46.75,47.18,1511400
2007-01-16,47.03,47.52,46.85,47.4,1894600
2007-01-17,47.41,47.56,47.1,47.25,2541400
2007-01-18,47.3,47.4,46.83,46.93,1812600
2007-01-19,46.96,47.54,46.93,47.08,2108100
2007-01-22,47.03,47.14,46.62,46.84,1705100
2007-01-23,46.91,47.4,46.79,47.2,2112200
2007-01-24,47.21,47.87,47.13,47.67,2283300
2007-01-25,47.58,47.81,46.94,46.95,2818100
2007-01-26,47.0,47.35,46.6,47.06,2351700
2007-01-29,47.07,47.25,46.78,46.81,2238200
2007-01-30,47.2,47.33,46.55,46.73,2437500
2007-01-31,46.89,48.31,46.89,48.14,2791050
2007-02-01,48.15,49.12,48.04,49.02,2651000
2007-02-02,48.97,49.13,48.5,48.79,1931100
2007-02-05,48.85,49.39,48.79,49.36,1822500
2007-02-06,49.3,49.91,48.95,49.59,2079500
2007-02-07,49.59,50.5399,49.59,50.13,2701200
2007-02-08,50.13,51.5,49.9544,51.21,2736200
2007-02-09,50.49,51.12,48.88,49.09,4154400
2007-02-12,49.28,49.38,48.68,48.9,2455215
2007-02-13,48.91,49.61,48.77,49.04,3067381
2007-02-14,49.05,49.62,48.88,49.09,4839941
2007-02-15,49.19,49.57,49.11,49.38,2001300
2007-02-16,49.38,49.55,48.91,49.34,1949100
2007-02-20,49.25,49.89,49.06,49.65,1929800
2007-02-21,49.65,49.77,49.25,49.73,1553500
2007-02-22,49.6,49.75,49.13,49.46,1740600
2007-02-23,49.46,49.67,49.34,49.49,2241700
2007-02-26,49.53,49.73,48.83,49.07,1712247
2007-02-27,48.83,48.84,47.26,47.5,3292200
2007-02-28,47.08,48.22,46.36,47.91,3921100
2007-03-01,47.91,47.87,46.65,47.68,3044701
2007-03-02,47.52,47.99,47.25,47.55,3373500
2007-03-05,47.0,47.2,46.43,46.46,3264800
2007-03-06,46.73,47.61,46.73,47.3,2337200
2007-03-07,46.75,47.73,46.75,47.55,1657400
2007-03-08,48.11,48.68,47.92,48.45,2108900
2007-03-09,48.73,48.95,48.2,48.54,2019100
2007-03-12,48.55,48.79,48.19,48.43,1262200
2007-03-13,48.35,48.41,47.83,47.86,2055400
2007-03-14,47.76,48.14,46.79,47.74,2686800
2007-03-15,47.75,48.17,47.63,47.82,1979100
2007-03-16,47.83,48.03,47.24,47.43,2696200
2007-03-19,47.95,48.58,47.58,48.29,2383400
2007-03-20,48.29,49.37,48.38,49.21,2051900
2007-03-21,49.03,50.02,48.91,49.9,1994300
2007-03-22,49.91,50.4,49.66,49.88,1965900
2007-03-23,49.79,50.09,49.6,49.61,1828600
2007-03-26,49.57,49.81,49.08,49.77,2167200
2007-03-27,49.7,49.7,49.16,49.38,2047900
2007-03-28,49.38,49.38,48.58,48.77,1759400
2007-03-29,49.0,49.32,48.37,48.73,1430800
2007-03-30,48.95,49.2,48.56,48.96,1702600
2007-04-02,48.81,49.72,48.48,49.64,2146398
2007-04-03,49.76,50.08,49.75,49.95,1711300
2007-04-04,49.96,50.4,49.71,50.38,1392759
2007-04-05,50.4,50.4,49.91,50.02,1083100
2007-04-09,50.03,50.19,49.7,49.85,1284600
2007-04-10,49.64,50.05,49.64,49.85,1204700
2007-04-11,49.95,49.95,49.45,49.47,1607829
2007-04-12,49.47,49.91,49.27,49.85,1369440
2007-04-13,50.0,50.5,49.95,50.14,2182480
2007-04-16,50.48,51.42,50.39,51.1,2327851
2007-04-17,51.1,51.76,51.14,51.66,2098600
2007-04-18,51.45,52.0,51.09,51.87,2229300
2007-04-19,51.03,51.03,47.71,47.99,10174209
2007-04-20,48.0,48.75,47.93,48.14,6620706
2007-04-23,48.4,48.41,47.84,48.0,3481700
2007-04-24,48.01,48.084,47.23,47.47,3643024
2007-04-25,47.8,47.81,46.58,46.88,5009663
2007-04-26,46.88,47.75,46.09,46.19,5150794
2007-04-27,46.2,46.92,45.58,46.42,3473988
2007-04-30,46.6,46.6,45.21,45.21,3880309
2007-05-01,45.21,45.55,45.03,45.34,3044983
2007-05-02,45.25,46.15,45.01,45.54,2717638
2007-05-03,46.12,46.28,45.3,45.51,2037900
2007-05-04,45.61,45.81,45.3,45.56,2390000
2007-05-07,45.41,45.7,45.31,45.68,1507131
2007-05-08,45.36,45.65,45.26,45.43,1948400
2007-05-09,45.38,45.39,44.61,44.96,3956651
2007-05-10,44.6,44.85,44.06,44.06,3295759
2007-05-11,44.23,44.42,43.9,44.05,3085100
2007-05-14,44.11,45.56,44.11,45.41,4308200
2007-05-15,45.51,45.81,45.18,45.2,3030270
2007-05-16,45.3,45.42,44.76,45.39,1729300
2007-05-17,45.39,45.44,44.89,45.02,1821635
2007-05-18,45.08,45.3,44.94,45.27,1692720
2007-05-21,45.12,45.29,44.57,44.74,1862040
2007-05-22,45.25,45.83,44.96,45.19,2630300
2007-05-23,45.53,45.72,44.93,45.1,3133100
2007-05-24,45.1,45.22,44.07,44.23,2418900
2007-05-25,44.17,44.5,44.0,44.09,1707800
2007-05-29,44.8,45.4,44.52,44.75,2144800
2007-05-30,44.9,45.4,44.76,45.31,2329647
2007-05-31,45.41,46.24,45.39,46.05,3511017
2007-06-01,46.05,47.18,46.11,46.61,2363400
2007-06-04,46.21,49.48,46.06,47.88,6308500
2007-06-05,48.99,48.99,46.93,47.23,3152200
2007-06-06,46.9,47.18,45.91,46.05,2533100
2007-06-07,45.64,46.05,45.1,45.15,2773100
2007-06-08,45.06,45.58,44.76,45.58,2078600
2007-06-11,45.4,45.67,45.07,45.41,2322300
2007-06-12,45.41,45.97,45.08,45.13,2284295
2007-06-13,45.3,46.16,44.6,46.11,3474000
2007-06-14,46.22,46.48,45.69,45.78,2480700
2007-06-15,46.08,47.03,46.08,46.6,2824600
2007-06-18,46.63,46.92,46.18,46.25,1318000
2007-06-19,45.97,46.42,45.92,46.24,1477700
2007-06-20,46.24,46.42,45.51,45.62,1804900
2007-06-21,45.45,45.65,45.06,45.43,1846300
2007-06-22,45.18,45.4,44.7,44.89,2040100
2007-06-25,45.3,45.42,44.55,44.69,2493100
2007-06-26,45.12,45.3,43.86,43.92,3374670
2007-06-27,43.81,43.96,43.22,43.71,3366900
2007-06-28,43.61,44.02,43.32,43.76,2356600
2007-06-29,43.79,44.21,42.99,43.24,3246142
2007-07-02,43.4,43.77,43.2225,43.77,2321800
2007-07-03,43.89,44.65,43.78,44.46,1213800
2007-07-05,48.77,48.85,46.82,47.57,6550700
2007-07-06,47.25,47.49,46.71,47.11,2154098
2007-07-09,47.0,47.25,46.35,47.0,1860600
2007-07-10,46.7,46.8,45.55,45.71,2100700
2007-07-11,45.68,46.5,45.19,46.35,2598200
2007-07-12,45.67,46.35,44.35,45.04,6403715
2007-07-13,45.14,45.2,43.52,44.08,8639500
2007-07-16,44.0,45.04,43.89,44.41,6106500
2007-07-17,44.95,45.18,44.58,45.15,4730088
2007-07-18,45.15,45.81,44.64,45.12,3478609
2007-07-19,45.12,45.34,44.84,45.11,2605974
2007-07-20,45.08,45.48,44.22,44.27,4347900
2007-07-23,44.59,45.09,44.31,44.87,2571500
2007-07-24,44.69,44.76,43.83,43.94,3105250
2007-07-25,44.15,44.2,43.0,43.16,3380529
2007-07-26,42.75,42.84,40.38,41.2,7077704
2007-07-27,40.84,41.22,39.89,39.9,6848917
2007-07-30,40.26,41.35,40.09,41.16,4782422
2007-07-31,41.6,42.2,41.35,41.55,4425900
2007-08-01,41.55,42.25,40.96,42.1,4997001
2007-08-02,42.5,43.43,41.8,43.31,5412952
2007-08-03,43.48,43.61,41.47,41.55,4356842
2007-08-06,42.49,42.62,41.0,42.34,4090013
2007-08-07,42.0,42.87,41.83,42.58,3407731
2007-08-08,42.97,44.05,42.7,43.94,2948000
2007-08-09,43.75,44.05,43.01,43.52,3391600
2007-08-10,42.85,43.1,41.97,42.5,3801623
2007-08-13,42.5,43.72,42.25,42.52,2712800
2007-08-14,42.75,42.8,41.7,41.7,2300000
2007-08-15,41.46,42.48,41.19,41.27,2555200
2007-08-16,41.27,41.53,39.7,41.31,3370400
2007-08-17,42.15,43.94,41.27,42.33,2660700
2007-08-20,42.35,42.79,42.09,42.61,1416000
2007-08-21,42.61,43.02,42.11,42.81,1632800
2007-08-22,43.25,43.59,42.38,43.32,2449500
2007-08-23,43.32,43.95,43.38,43.74,2009700
2007-08-24,43.6,44.23,43.55,44.1,1690100
2007-08-27,44.06,44.15,43.55,43.65,1478100
2007-08-28,43.49,43.68,42.36,42.46,2341500
2007-08-29,42.67,42.96,41.96,42.96,2356600
2007-08-30,42.96,44.05,42.58,43.76,2582000
2007-08-31,44.22,44.74,43.75,44.42,1672900
2007-09-04,44.27,44.53,43.86,44.35,2252358
2007-09-05,43.87,44.2,43.4,43.64,2272500
2007-09-06,43.64,43.79,43.3,43.62,1725400
2007-09-07,43.25,43.25,42.35,42.41,2514500
2007-09-10,42.55,42.65,41.59,41.95,2338400
2007-09-11,41.95,42.89,42.35,42.75,2147900
2007-09-12,42.5,42.8,41.96,42.21,1925700
2007-09-13,42.65,42.98,41.99,42.79,2387200
2007-09-14,42.4,43.74,42.14,43.03,1849700
2007-09-17,43.22,43.3,42.77,42.88,1249200
2007-09-18,43.03,44.3,42.88,44.18,2170300
2007-09-19,44.4,45.0,44.23,44.65,1592100
2007-09-20,44.52,44.8,44.07,44.07,1276400
2007-09-21,44.46,44.77,44.07,44.65,2182500
2007-09-24,44.59,45.0,44.59,44.71,1748700
2007-09-25,44.45,44.48,43.02,43.25,4855200
2007-09-26,43.56,43.56,42.8,42.97,2521900
2007-09-27,43.17,43.5,43.11,43.33,1866400
2007-09-28,43.5,43.84,43.35,43.47,1531700
2007-10-01,43.5,44.3,43.5,44.04,1764100
2007-10-02,44.2,45.1,43.99,44.94,2396200
2007-10-03,44.94,44.94,44.03,44.32,2405400
2007-10-04,42.99,43.35,41.61,42.28,5555500
2007-10-05,41.8,43.27,41.77,43.0,3492844
2007-10-08,42.85,42.97,42.51,42.6,1750500
2007-10-09,42.87,43.13,41.54,41.97,3911200
2007-10-10,41.7,41.95,41.17,41.45,2991900
2007-10-11,41.7,42.29,41.257,41.35,4283400
2007-10-12,41.82,42.11,41.67,41.86,2542300
2007-10-15,41.71,41.78,40.36,40.68,3687300
2007-10-16,40.98,43.08,40.61,42.14,8689200
2007-10-17,42.7,42.71,41.08,41.6,3374000
2007-10-18,41.4,41.52,41.0,41.35,2019200
2007-10-19,41.05,41.28,39.8,39.92,3839000
2007-10-22,39.81,40.7,39.62,40.59,2725600
2007-10-23,40.92,40.92,40.27,40.66,2304200
2007-10-24,40.37,40.39,39.19,40.05,3916400
2007-10-25,39.36,39.93,38.92,39.55,4606900
2007-10-26,39.88,39.88,39.35,39.7,4049300
2007-10-29,39.83,39.89,39.29,39.56,3568100
2007-10-30,39.24,39.96,39.085,39.68,2426400
2007-10-31,40.43,41.24,39.72,41.11,3301300
2007-11-01,40.84,40.87,39.68,39.8,2373100
2007-11-02,40.21,40.21,38.85,39.75,3770700
2007-11-05,40.17,40.17,38.69,38.8,2703912
2007-11-06,38.91,39.18,38.0,38.4,2879550
2007-11-07,38.2,38.2,36.83,36.93,3109870
2007-11-08,37.11,37.37,36.0,36.58,3538275
2007-11-09,36.03,36.64,35.7,36.04,2963500
2007-11-12,36.0,37.23,35.95,36.17,3800740
2007-11-13,36.4,37.25,36.4,37.03,3616421
2007-11-14,37.33,37.41,35.99,36.26,2805712
2007-11-15,36.19,36.19,35.25,35.49,3083418
2007-11-16,35.67,35.89,34.68,35.64,3252723
2007-11-19,35.49,35.5,34.14,34.31,2857634
2007-11-20,34.43,34.54,33.05,33.71,3728343
2007-11-21,33.5,35.15,33.21,34.55,3744762
2007-11-23,34.92,35.22,34.64,35.11,1045120
2007-11-26,35.18,35.36,34.48,34.68,3360022
2007-11-27,34.79,35.28,34.52,35.28,2776892
2007-11-28,35.47,36.78,35.47,36.69,2578763
2007-11-29,36.65,37.17,36.4,36.98,3866024
2007-11-30,37.5,37.77,37.12,37.5,4389457
2007-12-03,37.81,37.81,36.8,37.03,3167735
2007-12-04,36.88,36.95,36.45,36.56,3356380
2007-12-05,36.97,37.13,36.31,36.55,2244875
2007-12-06,36.54,37.17,36.33,37.15,2129972
2007-12-07,37.29,37.67,36.84,37.01,1633400
2007-12-10,37.04,37.64,36.79,37.46,1560070
2007-12-11,37.44,37.75,36.16,36.2,3779055
2007-12-12,37.09,37.13,35.19,35.69,3043769
2007-12-13,35.38,35.45,33.65,33.82,5512282
2007-12-14,33.72,33.72,31.34,31.49,9138852
2007-12-17,31.42,33.07,31.37,32.55,6032355
2007-12-18,32.85,32.87,31.88,32.51,3880275
2007-12-19,32.66,33.56,32.01,33.36,3838710
2007-12-20,33.66,33.66,32.8,33.12,3302375
2007-12-21,33.4,34.05,33.25,33.88,3565187
2007-12-24,33.75,34.39,33.75,34.39,880900
2007-12-26,34.21,34.21,33.57,34.06,1704000
2007-12-27,33.75,34.05,33.36,33.73,2948250
2007-12-28,34.22,34.25,33.7,34.12,2409918
2007-12-31,33.95,34.4,33.78,34.18,2064068
2008-01-02,34.1,34.1,32.7,33.03,3245671
2008-01-03,33.07,33.39,32.78,33.04,4086141
2008-01-04,32.75,32.84,31.49,31.66,4093015
2008-01-07,31.96,32.39,31.5,32.13,3016851
2008-01-08,32.23,32.89,31.65,31.8,4225902
2008-01-09,31.91,33.5,31.68,33.41,4993870
2008-01-10,33.23,34.54,32.82,34.19,4273330
2008-01-11,34.07,34.1,32.66,32.86,2726542
2008-01-14,33.06,33.41,32.46,33.26,2531506
2008-01-15,32.79,32.87,31.74,31.87,3546000
2008-01-16,31.66,33.45,31.66,32.86,4780427
2008-01-17,32.9,33.56,32.29,32.35,3504460
2008-01-18,32.63,33.9,32.02,32.68,3768803
2008-01-22,31.17,33.36,31.17,33.0,3786829
2008-01-23,32.0,35.2,31.84,35.06,3979241
2008-01-24,35.16,35.55,34.8,35.35,2957579
2008-01-25,34.52,35.48,33.65,33.95,2926926
2008-01-28,34.07,34.88,33.3,34.82,2386829
2008-01-29,35.1,35.1,34.24,34.83,2965961
2008-01-30,34.75,35.5,34.35,34.53,2429081
2008-01-31,32.69,36.72,32.69,35.96,5144446
2008-02-01,36.16,37.59,36.0,37.32,2809881
2008-02-04,37.24,37.24,35.55,35.58,2234080
2008-02-05,36.19,36.64,35.14,35.8,3750528
2008-02-06,36.11,36.29,34.73,34.89,2279107
2008-02-07,34.76,35.51,34.46,35.09,3424472
2008-02-08,34.97,35.22,34.16,34.62,2194888
2008-02-11,34.54,35.37,34.31,35.27,1895179
2008-02-12,35.42,36.68,35.32,35.72,3193220
2008-02-13,36.02,36.64,34.78,34.9,5514699
2008-02-14,35.96,36.15,34.18,35.12,3849766
2008-02-15,34.97,35.79,34.79,35.53,4109826
2008-02-19,35.8,35.98,35.09,35.29,2860627
2008-02-20,35.02,35.8,34.63,35.72,2622698
2008-02-21,35.92,36.26,35.4,35.5,2634574
2008-02-22,35.58,35.59,34.45,35.23,2550606
2008-02-25,35.14,35.58,34.73,35.53,2460788
2008-02-26,35.41,36.53,35.35,36.46,2474618
2008-02-27,36.14,36.74,35.92,36.31,2731573
2008-02-28,36.18,36.18,34.86,34.95,2343123
2008-02-29,34.5,34.97,33.95,34.1,3131254
2008-03-03,34.13,34.51,33.71,34.21,1942192
2008-03-04,33.86,35.65,33.69,35.44,4586721
2008-03-05,35.44,35.97,34.61,34.91,3044352
2008-03-06,34.8,34.85,33.4,33.53,3220250
2008-03-07,33.19,34.19,32.94,33.46,2990453
2008-03-10,33.4,33.98,32.48,32.61,2678685
2008-03-11,33.41,34.23,32.82,34.17,2520652
2008-03-12,34.32,34.37,33.24,33.33,2379702
2008-03-13,33.06,33.49,32.46,33.19,3328545
2008-03-14,33.32,33.51,32.22,32.9,3458330
2008-03-17,32.28,32.49,31.5,31.78,3730346
2008-03-18,32.33,33.09,32.0,32.91,3275327
2008-03-19,33.14,34.31,32.87,33.23,3095345
2008-03-20,33.26,34.43,32.62,34.32,3324734
2008-03-24,34.4,36.3,34.4,36.09,2634496
2008-03-25,36.03,36.1,34.96,35.91,2247994
2008-03-26,35.8,35.93,35.03,35.81,2180977
2008-03-27,35.75,35.89,35.03,35.03,1762385
2008-03-28,35.14,35.15,34.25,34.46,1799311
2008-03-31,34.52,34.98,34.04,34.36,2900378
2008-04-01,34.62,36.6,34.6,36.57,2425453
2008-04-02,36.54,37.89,36.29,36.64,3465842
2008-04-03,36.48,36.5,35.08,35.99,3195617
2008-04-04,35.95,37.18,35.3,36.04,5937187
2008-04-07,36.24,36.25,35.18,35.48,2226038
2008-04-08,35.34,35.59,34.96,35.17,1341459
2008-04-09,35.17,35.37,33.91,34.09,2340222
2008-04-10,34.03,34.76,33.68,34.15,2276505
2008-04-11,33.83,34.11,33.23,33.38,1797658
2008-04-14,33.3,33.4,32.81,32.93,2305845
2008-04-15,33.08,33.3,31.71,31.83,5382355
2008-04-16,32.23,32.73,31.72,32.49,6279918
2008-04-17,33.0,33.92,32.11,33.46,4500011
2008-04-18,34.11,34.12,33.28,33.46,2843843
2008-04-21,33.0,33.01,32.47,32.56,2554029
2008-04-22,32.6,33.01,31.84,32.37,2564633
2008-04-23,32.42,33.41,32.39,32.86,2111282
2008-04-24,33.23,34.68,33.21,34.18,3562074
2008-04-25,34.28,35.13,34.2101,34.92,2332509
2008-04-28,34.72,35.2,34.26,34.84,1805588
2008-04-29,34.86,35.03,34.47,34.87,1635356
2008-04-30,34.66,35.45,34.29,34.3,2560754
2008-05-01,34.2,35.99,34.18,35.9,2178461
2008-05-02,36.01,36.84,35.9,36.78,4802924
2008-05-05,36.72,36.72,35.72,36.18,1997416
2008-05-06,35.95,36.49,35.68,36.47,1785596
2008-05-07,36.5,36.7,35.21,35.32,2209264
2008-05-08,35.31,35.65,34.82,35.56,1853939
2008-05-09,35.32,36.17,35.17,35.87,1700920
2008-05-12,35.82,36.9,35.82,36.8,2116662
2008-05-13,37.29,37.29,35.9,36.21,1681672
2008-05-14,36.49,36.78,35.95,36.0,2210510
2008-05-15,35.63,35.94,34.95,35.91,2771651
2008-05-16,36.1,36.19,35.33,35.82,1717544
2008-05-19,35.76,36.29,35.59,35.78,1430875
2008-05-20,35.67,35.67,35.17,35.27,1647407
2008-05-21,35.4,35.6,33.93,34.12,2458141
2008-05-22,34.03,34.56,33.6,33.8,1807741
2008-05-23,33.65,33.82,33.365,33.6,3110798
2008-05-27,33.47,34.08,33.13,33.65,2157476
2008-05-28,33.63,34.66,33.63,34.14,3184709
2008-05-29,33.21,33.56,32.61,33.44,4297049
2008-05-30,33.28,33.42,32.81,32.91,3819570
2008-06-02,31.74,32.75,31.38,32.19,5454288
2008-06-03,32.14,32.8,31.94,32.15,5483466
2008-06-04,31.36,32.56,31.03,31.13,6583948
2008-06-05,31.36,31.7,30.54,31.19,6573641
2008-06-06,30.75,30.8,29.85,29.93,7818173
2008-06-09,30.37,30.4,29.15,29.55,3276431
2008-06-10,29.28,30.14,29.23,29.76,4154171
2008-06-11,29.58,29.64,28.33,28.36,4309509
2008-06-12,28.57,29.54,28.57,29.18,5575196
2008-06-13,29.24,29.74,29.095,29.64,3679080
2008-06-16,29.33,30.27,29.0514,29.8,2582378
2008-06-17,29.93,30.1,29.11,29.15,2807870
2008-06-18,28.94,29.04,28.27,28.42,2824476
2008-06-19,28.46,28.94,28.01,28.92,3976220
2008-06-20,28.75,28.75,27.06,27.45,5466877
2008-06-23,27.46,27.87,27.08,27.17,3288912
2008-06-24,27.03,27.8,26.51,27.15,6560907
2008-06-25,27.21,29.02,27.11,28.17,7040098
2008-06-26,27.55,27.61,26.71,26.72,3709955
2008-06-27,26.7,27.13,26.09,26.69,4700099
2008-06-30,26.0,27.08,25.91,26.24,3592272
2008-07-01,25.89,25.94,24.98,25.87,8666482
2008-07-02,25.77,26.2,25.25,25.28,5222654
2008-07-03,25.47,25.99,25.23,25.55,2900646
2008-07-07,25.69,26.18,25.24,25.93,4174312
2008-07-08,26.07,26.99,25.4,26.93,6174964
2008-07-09,26.72,26.88,25.77,25.94,6269697
2008-07-10,24.7,25.72,23.86,24.07,11207421
2008-07-11,23.06,24.16,23.06,23.73,7821956
2008-07-14,24.07,24.35,22.32,22.45,8614975
2008-07-15,22.23,23.46,22.19,23.04,17405911
2008-07-16,23.22,24.88,22.12,24.61,8586485
2008-07-17,24.75,26.54,24.6,26.33,8883427
2008-07-18,26.65,26.72,25.65,26.33,4178685
2008-07-21,26.49,27.1,26.05,26.56,4971595
2008-07-22,26.32,27.81,25.5,27.81,5841100
2008-07-23,27.91,29.82,27.67,28.55,5897536
2008-07-24,28.16,28.16,25.76,26.06,5332658
2008-07-25,26.06,26.99,25.86,26.12,4110375
2008-07-28,25.79,26.42,25.37,25.49,5087030
2008-07-29,25.39,26.72,25.37,26.47,3575071
2008-07-30,26.59,27.21,25.93,26.62,2556056
2008-07-31,26.31,27.28,25.64,25.91,3766887
2008-08-01,26.21,27.0,25.7,26.75,3594510
2008-08-04,26.8,27.23,26.26,26.52,2865376
2008-08-05,26.85,27.89,26.42,27.22,6147566
2008-08-06,27.29,27.96,26.73,27.89,4026817
2008-08-07,27.66,27.83,27.09,27.27,4015385
2008-08-08,27.4,28.4,27.0,28.27,4393426
2008-08-11,28.05,29.61,27.846,28.8,4938621
2008-08-12,28.42,29.39,28.25,28.4,4059291
2008-08-13,28.34,28.39,27.34,28.11,4080836
2008-08-14,27.51,29.53,27.51,29.05,2051274
2008-08-15,29.08,29.96,28.65,29.12,2388946
2008-08-18,29.29,29.47,28.04,28.27,2475340
2008-08-19,27.98,28.09,27.26,27.42,3117346
2008-08-20,27.95,28.35,26.72,27.0,3425566
2008-08-21,26.7,27.05,26.3,26.96,2702526
2008-08-22,27.34,27.8,27.18,27.74,2614058
2008-08-25,27.75,27.75,26.91,27.07,2366551
2008-08-26,26.99,27.31,26.63,27.15,1880604
2008-08-27,27.15,27.76,26.92,27.53,2214044
2008-08-28,27.62,28.28,27.5,28.24,3167380
2008-08-29,28.01,28.61,27.9,28.21,2727125
2008-09-02,28.68,29.97,28.51,29.09,5380309
2008-09-03,28.97,29.31,28.48,29.02,3501159
2008-09-04,28.86,29.11,28.35,28.4,3638101
2008-09-05,28.02,28.975,27.85,28.8,3894743
2008-09-08,29.75,30.24,29.23,29.69,5358943
2008-09-09,29.98,30.09,28.6,28.61,5440978
2008-09-10,28.8,29.32,27.97,28.81,3029462
2008-09-11,28.27,29.47,27.87,29.18,3561201
2008-09-12,28.8,29.99,28.34,28.82,4855316
2008-09-15,28.39,28.58,26.99,27.31,5558052
2008-09-16,26.86,28.06,26.51,27.9,5622871
2008-09-17,27.49,27.56,26.04,26.44,6141876
2008-09-18,27.19,27.67,25.71,27.42,8267276
2008-09-19,29.46,29.625,27.92,28.17,5965287
2008-09-22,27.82,27.88,26.52,26.57,4122771
2008-09-23,27.0,27.1,25.86,25.98,4273398
2008-09-24,25.87,26.03,25.3,25.6,5302073
2008-09-25,25.41,25.87,24.77,25.44,5571860
2008-09-26,24.93,25.98,24.75,25.87,4225400
2008-09-29,25.33,25.56,23.62,24.42,8870234
2008-09-30,25.02,26.54,24.13,26.09,8714782
2008-10-01,26.09,26.11,24.33,25.08,9394744
2008-10-02,22.99,25.72,22.2,23.74,10499101
2008-10-03,24.44,25.11,23.0,23.15,5817845
2008-10-06,22.3,22.48,20.27,21.64,10014893
2008-10-07,22.46,22.46,19.28,19.35,9081521
2008-10-08,19.01,20.41,18.57,18.92,10180638
2008-10-09,19.51,19.58,17.11,17.69,7818704
2008-10-10,16.72,19.3,15.69,18.76,10967390
2008-10-13,20.0,20.94,19.38,20.73,6553553
2008-10-14,21.67,22.05,18.46,18.91,7053483
2008-10-15,18.41,18.95,17.7,17.8,7613069
2008-10-16,17.59,18.39,16.49,18.21,7039923
2008-10-17,17.69,19.53,17.47,19.1,5593346
2008-10-20,19.29,19.65,18.69,19.24,4406131
2008-10-21,18.89,19.73,18.26,18.31,4168631
2008-10-22,17.99,18.26,17.5,18.0,8378426
2008-10-23,17.8,18.83,17.31,18.19,8674057
2008-10-24,17.27,19.0,16.5,18.42,8900008
2008-10-27,18.11,18.51,16.84,16.87,5889150
2008-10-28,17.38,18.3,16.39,18.3,6898008
2008-10-29,18.41,20.97,18.24,19.74,9635097
2008-10-30,20.0,20.87,19.53,20.29,4845920
2008-10-31,20.06,21.56,19.79,20.87,3852210
2008-11-03,20.83,21.38,19.97,20.32,3085817
2008-11-04,20.77,21.45,20.29,21.23,3242716
2008-11-05,21.0,21.45,19.77,19.78,5643960
2008-11-06,19.56,20.15,18.32,18.54,4561312
2008-11-07,18.72,19.23,18.12,18.86,4047652
2008-11-10,19.28,19.28,17.37,17.57,3622122
2008-11-11,17.75,18.58,17.0,17.88,4692434
2008-11-12,17.43,17.8,16.22,16.28,5319222
2008-11-13,16.61,17.48,15.32,17.48,7042848
2008-11-14,17.13,17.42,15.63,15.66,6954942
2008-11-17,15.47,15.98,15.25,15.38,3731584
2008-11-18,15.32,15.68,14.29,14.98,4417388
2008-11-19,15.15,15.17,13.09,13.13,6888567
2008-11-20,13.16,13.8799,12.45,12.49,6307545
2008-11-21,12.76,12.93,11.8816,12.92,5300115
2008-11-24,12.93,15.25,12.93,14.88,4382878
2008-11-25,15.27,15.51,14.18,14.89,4733961
2008-11-26,14.58,16.731,14.46,16.59,4486440
2008-11-28,16.56,16.79,16.1,16.79,1480349
2008-12-01,16.34,16.34,14.97,15.0,4007739
2008-12-02,15.24,16.15,14.71,15.99,4511801
2008-12-03,15.65,16.47,15.1,16.4,3096775
2008-12-04,16.11,17.18,15.63,16.03,4612802
2008-12-05,15.75,16.19,15.08,15.86,9086693
2008-12-08,16.41,17.73,16.38,17.38,5787597
2008-12-09,16.99,17.9,16.48,16.86,5783317
2008-12-10,17.17,17.87,16.78,17.59,3295574
2008-12-11,17.5,17.76,16.39,16.59,3158836
2008-12-12,16.19,17.01,16.11,16.61,2971356
2008-12-15,16.7,17.11,15.72,16.14,3326541
2008-12-16,16.08,18.66,15.97,18.5,5367657
2008-12-17,17.4,18.41,17.24,18.21,6654121
2008-12-18,18.28,18.28,17.35,17.74,3786920
2008-12-19,17.99,18.37,17.65,17.96,4603364
2008-12-22,18.42,18.49,17.26,17.72,3755018
2008-12-23,17.78,19.0,17.7,18.22,3793323
2008-12-24,18.11,18.56,18.05,18.31,707937
2008-12-26,18.39,18.55,18.17,18.34,1299864
2008-12-29,18.28,18.44,17.63,18.13,1644976
2008-12-30,18.22,18.47,17.97,18.4,2950291
2008-12-31,18.38,19.6299,18.31,19.45,3231248
2009-01-02,19.52,20.37,19.5,20.06,5666373
2009-01-05,19.95,20.9,19.45,20.81,3745143
2009-01-06,20.95,22.12,20.83,21.63,5002659
2009-01-07,21.19,21.19,19.79,19.93,4566214
2009-01-08,20.6,20.67,19.67,20.45,4789920
2009-01-09,20.45,20.69,19.55,19.63,4336689
2009-01-12,19.55,19.99,18.6,18.81,3776494
2009-01-13,18.73,19.09,17.87,18.34,4804635
2009-01-14,18.15,18.15,17.0,17.2,5528644
2009-01-15,17.18,17.93,15.85,17.34,6796001
2009-01-16,17.65,18.09,17.44,17.84,4400925
2009-01-20,17.87,17.87,16.25,16.76,7167622
2009-01-21,17.02,17.52,16.53,17.48,4971156
2009-01-22,17.17,17.69,16.68,17.19,4115106
2009-01-23,16.71,17.67,16.6,17.19,3957570
2009-01-26,17.06,17.8,16.86,17.25,2877384
2009-01-27,17.47,17.86,17.1,17.38,2995183
2009-01-28,17.6,18.58,17.47,18.18,3562653
2009-01-29,17.8,18.0,16.79,16.88,3613033
2009-01-30,17.03,17.12,16.15,16.31,5790862
2009-02-02,15.93,16.13,15.33,15.58,5243630
2009-02-03,15.64,16.31,15.33,16.23,4560183
2009-02-04,16.16,16.34,15.48,15.58,5564210
2009-02-05,15.54,16.22,15.26,15.93,5106302
2009-02-06,16.27,16.58,15.84,16.4,3715132
2009-02-09,16.36,16.5,15.78,16.21,3586163
2009-02-10,16.04,16.5,14.95,15.05,6238009
2009-02-11,15.2,15.64,14.73,15.15,6592201
2009-02-12,13.97,15.84,13.97,15.73,14050024
2009-02-13,15.72,15.79,14.94,14.94,8425749
2009-02-17,14.65,15.08,14.21,14.85,7824281
2009-02-18,14.73,14.89,14.33,14.61,8915362
2009-02-19,14.57,15.1,14.35,14.51,9122540
2009-02-20,14.21,14.62,13.86,14.32,8731082
2009-02-23,14.47,14.65,13.69,13.77,7262191
2009-02-24,13.89,14.75,13.67,14.58,6489888
2009-02-25,14.35,14.69,13.82,14.15,5534254
2009-02-26,14.37,14.67,13.96,14.03,4728435
2009-02-27,13.75,14.61,13.66,14.16,6833832
2009-03-02,13.9,14.1,13.22,13.26,6394547
2009-03-03,13.46,13.9201,13.18,13.57,8632619
2009-03-04,13.84,14.13,13.62,13.79,8004353
2009-03-05,13.47,13.75,12.67,13.02,6719285
2009-03-06,13.18,13.29,12.22,12.63,5764205
2009-03-09,12.45,13.37,12.39,12.96,5986034
2009-03-10,13.22,14.47,12.95,14.41,7405574
2009-03-11,14.51,15.12,14.25,14.69,4717401
2009-03-12,14.62,15.79,14.26,15.66,6688484
2009-03-13,15.66,15.94,15.09,15.48,5829394
2009-03-16,15.63,15.72,14.81,14.84,5773401
2009-03-17,14.84,15.22,14.65,15.19,7806334
2009-03-18,15.05,16.05,14.77,15.77,5596029
2009-03-19,15.76,15.95,15.29,15.89,7990924
2009-03-20,15.97,16.08,15.21,15.67,8598091
2009-03-23,16.04,17.14,15.51,17.11,7211465
2009-03-24,16.82,17.61,16.59,17.3,6599032
2009-03-25,17.55,18.13,16.36,16.99,6979318
2009-03-26,17.14,17.98,17.0,17.88,3793741
2009-03-27,17.72,17.72,16.89,17.05,4265012
2009-03-30,16.65,16.65,16.04,16.23,5294936
2009-03-31,16.51,16.75,15.97,16.36,4291396
2009-04-01,16.17,17.0,16.06,16.93,3660375
2009-04-02,17.28,18.65,17.12,18.43,8260211
2009-04-03,18.49,19.37,18.38,19.37,8583432
2009-04-06,19.11,19.41,18.73,19.09,7988897
2009-04-07,18.73,18.73,18.05,18.18,7390881
2009-04-08,18.2,18.51,18.13,18.43,5518297
2009-04-09,18.98,19.56,18.82,19.19,5899835
2009-04-13,19.02,19.63,18.62,19.36,8161060
2009-04-14,19.09,19.5,18.78,19.02,7103100
2009-04-15,18.9,18.9,18.41,18.71,6826101
2009-04-16,18.88,19.57,18.57,19.37,5578460
2009-04-17,19.25,19.87,19.0,19.7,5247461
2009-04-20,19.35,19.35,18.24,18.47,7287556
2009-04-21,18.45,18.97,18.1,18.88,6915628
2009-04-22,18.07,20.19,18.01,19.59,10945751
2009-04-23,20.83,22.16,20.78,22.0,14034328
2009-04-24,21.11,22.44,21.11,22.3,12819868
2009-04-27,21.11,21.89,20.65,21.17,12655782
2009-04-28,20.6,21.58,20.33,20.76,7158726
2009-04-29,21.39,23.11,21.25,22.84,9825753
2009-04-30,23.15,24.5,22.865,23.56,12733731
2009-05-01,23.4,23.6234,22.53,22.64,7442659
2009-05-04,22.9,24.08,22.82,23.98,9662242
2009-05-05,23.91,24.48,23.68,24.31,10304219
2009-05-06,24.59,24.69,23.67,24.24,8549812
2009-05-07,24.43,24.46,22.76,22.94,9491469
2009-05-08,23.3,24.0,22.8,23.92,6794234
2009-05-11,23.48,24.01,23.09,23.38,5699589
2009-05-12,23.32,23.75,22.08,22.69,6952649
2009-05-13,22.22,22.26,21.16,21.27,7590785
2009-05-14,21.3,22.045,20.89,21.61,5028062
2009-05-15,21.58,22.29,21.32,21.57,4809811
2009-05-18,21.77,22.54,21.74,22.47,4393724
2009-05-19,22.41,22.96,22.25,22.48,4683697
2009-05-20,22.66,23.18,22.13,22.24,4447532
2009-05-21,21.87,22.24,21.53,21.94,4425509
2009-05-22,21.97,22.25,21.38,21.94,2839589
2009-05-26,21.77,23.415,21.59,23.36,5424362
2009-05-27,23.41,23.56,22.39,22.43,4393970
2009-05-28,22.99,23.27,22.25,22.92,4018663
2009-05-29,23.02,23.618,22.91,23.36,6080624
2009-06-01,23.69,25.0,23.36,24.68,5589056
2009-06-02,24.54,24.87,24.19,24.57,3827953
2009-06-03,24.1,24.24,23.51,24.13,4309969
2009-06-04,23.82,24.3,23.465,24.18,3291590
2009-06-05,24.44,24.86,24.1,24.52,3533232
2009-06-08,23.69,24.72,23.69,24.55,3644852
2009-06-09,24.5,25.0,24.33,24.88,2716699
2009-06-10,25.15,25.23,23.92,24.31,4914699
2009-06-11,23.93,24.7,23.93,24.1,3492929
2009-06-12,23.89,24.2,23.63,24.01,3268928
2009-06-15,23.76,23.99,22.82,22.97,3915214
2009-06-16,23.15,23.43,22.23,22.28,5443747
2009-06-17,22.25,22.705,21.72,22.36,5640773
2009-06-18,22.41,22.94,21.925,22.0,4104784
2009-06-19,22.25,22.59,21.975,22.15,5400753
2009-06-22,21.93,21.94,21.08,21.08,4974525
2009-06-23,20.96,21.46,20.57,20.85,5281111
2009-06-24,21.07,21.95,21.065,21.27,4058202
2009-06-25,21.06,22.26,21.06,22.01,3704349
2009-06-26,21.95,22.05,21.54,21.81,5130633
2009-06-29,21.9,22.28,21.61,22.17,2859924
2009-06-30,22.13,22.22,21.59,22.07,4288080
2009-07-01,21.35,21.85,20.99,21.18,7980961
2009-07-02,20.73,21.18,20.18,20.39,5464454
2009-07-06,20.01,20.47,19.5,19.87,8082431
2009-07-07,19.88,20.21,19.61,19.65,7367303
2009-07-08,19.63,19.99,18.94,19.29,7850520
2009-07-09,19.46,20.24,19.41,19.72,6260982
2009-07-10,19.41,19.72,19.28,19.57,4750297
2009-07-13,20.13,20.73,19.68,20.64,7154951
2009-07-14,20.53,21.36,20.41,21.08,5609011
2009-07-15,21.31,22.18,21.23,21.8,7010860
2009-07-16,20.5,20.7,19.75,20.44,14465285
2009-07-17,20.3,20.45,19.63,19.98,7459916
2009-07-20,20.14,20.62,20.1,20.45,7222547
2009-07-21,20.45,20.94,19.66,19.9,4665590
2009-07-22,19.8,20.23,19.67,20.11,5483012
2009-07-23,20.11,21.57,19.73,21.3,8198705
2009-07-24,21.02,21.73,20.69,21.24,4361190
2009-07-27,21.18,21.28,20.82,21.13,3218876
2009-07-28,21.1,21.26,20.8,21.06,3365412
2009-07-29,20.86,20.86,20.16,20.46,5182278
2009-07-30,20.7,21.74,20.64,21.44,4860170
2009-07-31,21.38,21.65,21.12,21.54,2923129
2009-08-03,21.73,22.16,21.54,22.06,3500864
2009-08-04,21.9,23.24,21.84,23.2,6488042
2009-08-05,23.17,23.48,22.72,23.05,3154765
2009-08-06,23.0,23.44,22.44,22.46,2791486
2009-08-07,22.88,25.49,22.82,25.28,11501351
2009-08-10,25.28,25.38,23.43,23.62,11573816
2009-08-11,23.68,24.16,23.17,24.01,4753979
2009-08-12,24.01,24.65,23.81,24.35,3844111
2009-08-13,24.52,24.72,23.89,24.46,3557880
2009-08-14,24.45,24.46,23.58,23.88,2726765
2009-08-17,23.39,23.49,23.03,23.11,4091315
2009-08-18,23.13,23.87,22.85,23.57,3676511
2009-08-19,23.26,23.85,23.09,23.7,2153458
2009-08-20,23.73,24.61,23.5,24.43,4648065
2009-08-21,24.7,25.21,24.52,24.69,4507735
2009-08-24,24.8,25.24,24.31,24.43,4144933
2009-08-25,24.64,25.16,24.63,25.01,5062209
2009-08-26,24.89,25.02,24.48,24.56,4001597
2009-08-27,24.46,24.77,23.85,24.38,4033580
2009-08-28,24.72,24.72,24.1,24.52,4549020
2009-08-31,24.35,24.4,23.84,23.9,3101264
2009-09-01,23.84,24.21,22.57,22.62,5289254
2009-09-02,22.56,22.77,22.27,22.35,5190466
2009-09-03,22.66,22.66,22.06,22.57,3686044
2009-09-04,22.53,23.14,22.45,23.05,3184519
2009-09-08,23.42,23.62,22.95,23.16,5091875
2009-09-09,23.16,23.72,22.97,23.58,4128465
2009-09-10,23.49,24.54,23.25,24.5,5509485
2009-09-11,24.5,24.85,24.39,24.6,4687921
2009-09-14,24.37,24.75,24.14,24.73,3749330
2009-09-15,24.75,25.63,24.57,25.6,7632528
2009-09-16,25.83,27.16,25.79,26.51,10112058
2009-09-17,26.5,27.5,26.5,27.0,7169730
2009-09-18,27.15,27.16,26.57,27.16,13308220
2009-09-21,27.26,27.48,26.55,26.82,3583066
2009-09-22,27.08,27.79,27.0,27.24,4541443
2009-09-23,27.42,27.75,26.57,26.61,6302650
2009-09-24,26.73,27.13,26.17,26.45,4578682
2009-09-25,26.38,26.58,25.98,26.1,3693136
2009-09-28,26.05,26.82,25.97,26.72,2292719
2009-09-29,26.74,27.79,26.74,27.27,7370252
2009-09-30,27.39,27.785,26.85,27.59,7186497
2009-10-01,27.4,27.51,25.93,26.36,8679009
2009-10-02,25.68,26.06,25.43,25.61,6747089
2009-10-05,25.68,26.58,25.68,26.51,4408252
2009-10-06,26.66,27.45,26.61,27.0,3589971
2009-10-07,26.93,27.32,26.66,26.95,5357398
2009-10-08,26.24,27.08,25.34,26.8,11781110
2009-10-09,26.7,26.81,26.18,26.8,7486215
2009-10-12,26.98,27.46,26.91,27.27,4583492
2009-10-13,27.24,27.45,27.06,27.2,4072641
2009-10-14,27.52,28.5,27.48,27.94,9740820
2009-10-15,27.73,28.13,27.6,27.96,4432239
2009-10-16,27.59,28.13,27.22,27.94,5742501
2009-10-19,27.96,28.14,27.59,28.04,3126207
2009-10-20,28.04,28.19,27.27,27.77,4791137
2009-10-21,27.72,28.13,26.97,27.04,3591360
2009-10-22,26.77,27.63,26.29,27.47,4304951
2009-10-23,27.53,28.07,27.12,27.2,4176168
2009-10-26,27.35,27.99,27.04,27.18,3968457
2009-10-27,27.2,27.27,25.89,25.9,5283531
2009-10-28,25.79,25.87,24.64,24.78,6508989
2009-10-29,25.12,26.15,25.12,26.01,5674633
2009-10-30,26.03,26.19,24.78,25.06,5504946
2009-11-02,25.13,25.64,24.475,25.02,4940129
2009-11-03,24.65,25.47,24.47,25.36,4166278
2009-11-04,25.53,26.04,25.25,25.34,3684696
2009-11-05,25.54,26.28,25.54,26.09,3032487
2009-11-06,25.91,26.2,25.7,26.13,2678865
2009-11-09,26.41,27.02,26.27,26.88,4206711
2009-11-10,26.76,27.08,26.46,26.9,2191719
2009-11-11,26.94,27.43,26.82,27.19,3101769
2009-11-12,27.18,27.35,26.61,26.74,2949138
2009-11-13,26.9,27.27,26.67,26.96,2632889
2009-11-16,27.09,27.8,27.09,27.72,2896510
2009-11-17,27.6,27.69,27.1,27.37,2500350
2009-11-18,27.15,27.31,26.77,26.99,2002265
2009-11-19,26.81,26.9,26.28,26.4,3350864
2009-11-20,26.37,26.52,25.89,26.13,3545479
2009-11-23,26.69,26.84,26.08,26.25,2524502
2009-11-24,26.13,26.28,25.47,25.55,4082690
2009-11-25,25.77,26.15,25.48,25.93,4011142
2009-11-27,25.16,25.63,24.66,25.26,1540792
2009-11-30,25.19,25.72,24.98,25.72,3869724
2009-12-01,25.92,26.07,25.67,25.76,3144577
2009-12-02,25.89,26.12,25.47,25.66,3571483
2009-12-03,25.68,26.02,25.39,25.82,5433896
2009-12-04,26.45,27.24,26.31,27.17,7311356
2009-12-07,27.08,27.39,26.62,26.78,3960724
2009-12-08,26.48,26.95,26.09,26.89,4920099
2009-12-09,26.78,27.05,26.49,26.77,3791117
2009-12-10,26.89,27.26,26.89,27.02,2067271
2009-12-11,27.14,27.24,26.89,27.08,1973656
2009-12-14,27.19,27.73,26.93,27.72,2502205
2009-12-15,27.53,28.0,27.49,27.81,2336793
2009-12-16,27.98,28.15,27.66,27.9,2507587
2009-12-17,27.57,28.035,27.49,27.82,2137454
2009-12-18,27.84,28.16,27.46,28.0,2897799
2009-12-21,28.03,28.25,27.93,28.06,2037929
2009-12-22,28.03,28.18,27.75,27.95,2564410
2009-12-23,28.07,28.11,27.77,27.97,2299850
2009-12-24,28.1,28.14,27.55,27.93,707505
2009-12-28,28.11,28.11,27.75,27.85,1822735
2009-12-29,27.92,28.19,27.92,28.01,1929131
2009-12-30,27.98,28.01,27.54,27.64,2084140
2009-12-31,27.73,27.98,27.23,27.25,1448061
2010-01-04,27.61,27.93,27.2,27.63,2695901
2010-01-05,27.57,27.92,27.37,27.79,2476714
2010-01-06,27.74,28.02,27.53,27.87,2629445
2010-01-07,27.75,28.17,27.7,27.98,2413417
2010-01-08,27.78,28.17,27.76,28.04,3733203
2010-01-11,28.13,28.34,27.81,27.98,2558192
2010-01-12,27.79,27.85,27.2201,27.74,2836602
2010-01-13,27.81,28.22,27.715,28.13,2481536
2010-01-14,28.06,29.88,27.97,29.69,6727791
2010-01-15,29.68,29.68,29.04,29.3,4588823
2010-01-19,29.41,29.53,29.14,29.5,2460611
2010-01-20,29.32,29.38,28.67,28.79,3349983
2010-01-21,28.93,29.37,28.12,28.13,4130326
2010-01-22,28.12,28.25,27.4,27.45,3132539
2010-01-25,27.73,27.89,27.32,27.51,1868251
2010-01-26,27.39,27.745,27.115,27.14,3848849
2010-01-27,27.12,27.2183,26.3,26.88,3666966
2010-01-28,27.05,27.23,26.32,26.67,2684197
2010-01-29,26.78,27.13,26.14,26.23,4771811
2010-02-01,26.39,26.63,26.335,26.56,2628806
2010-02-02,26.69,27.0,26.59,26.8,3690721
2010-02-03,26.69,26.71,26.38,26.51,3794452
2010-02-04,26.7,27.2,25.74,25.74,6065720
2010-02-05,25.78,26.22,25.63,26.2,7432044
2010-02-08,26.23,26.44,25.83,25.95,3008148
2010-02-09,26.37,26.45,25.99,26.12,4293118
2010-02-10,26.28,26.78,26.23,26.4,5498726
2010-02-11,26.39,26.75,25.92,26.66,4958441
2010-02-12,26.81,26.99,26.26,26.84,4123676
2010-02-16,27.13,27.27,26.7,27.12,5576102
2010-02-17,27.07,27.32,26.93,27.09,4329673
2010-02-18,26.82,27.1,26.75,27.05,2902910
2010-02-19,26.87,27.33,26.86,27.26,3079321
2010-02-22,27.27,27.5,27.165,27.36,4153711
2010-02-23,27.32,27.42,26.82,27.07,3133796
2010-02-24,27.2,27.28,26.97,27.26,2964160
2010-02-25,27.02,27.03,26.64,27.0,3571704
2010-02-26,27.0,27.24,26.72,27.11,2708511
2010-03-01,27.23,27.49,27.06,27.22,2554729
2010-03-02,27.46,27.5,26.81,26.87,3912148
2010-03-03,27.01,27.06,26.52,26.72,4174598
2010-03-04,26.7,27.02,26.57,26.99,3823410
2010-03-05,27.1,28.02,27.045,27.87,5562989
2010-03-08,27.96,27.96,27.57,27.9,2816878
2010-03-09,27.85,28.34,27.49,28.1,4816314
2010-03-10,28.08,28.19,27.69,28.1,3416442
2010-03-11,27.94,28.35,27.75,28.33,3674357
2010-03-12,28.39,28.8,28.28,28.7,4614432
2010-03-15,28.66,28.69,28.24,28.62,2472253
2010-03-16,28.62,28.8,28.42,28.8,2871472
2010-03-17,28.76,28.89,28.505,28.72,2863778
2010-03-18,28.76,28.88,28.48,28.74,2727409
2010-03-19,29.12,29.46,28.94,29.06,3619953
2010-03-22,28.71,29.75,28.71,29.55,3927549
2010-03-23,29.62,29.85,29.43,29.75,4707840
2010-03-24,29.61,29.77,29.41,29.67,3825804
2010-03-25,30.35,30.83,30.1,30.15,17339214
2010-03-26,30.28,31.235,30.2,31.09,8003676
2010-03-29,31.14,31.46,31.03,31.28,5516087
2010-03-30,31.28,31.98,31.22,31.78,5630453
2010-03-31,31.61,31.92,31.45,31.52,3924749
2010-04-05,32.1,32.76,32.1,32.44,3615945
2010-04-06,32.23,32.8,32.18,32.7,3394820
2010-04-07,32.71,32.91,32.13,32.35,11143775
2010-04-08,32.29,32.97,32.05,32.86,10011007
2010-04-09,32.93,33.1,32.58,33.1,3175655
2010-04-12,33.09,33.27,32.72,32.98,2878733
2010-04-13,32.97,33.51,32.82,33.36,3668270
2010-04-14,33.54,33.96,33.39,33.91,3607631
2010-04-15,33.77,34.37,33.74,34.03,4198851
2010-04-16,33.9,34.2,33.5,33.88,6908856
2010-04-19,33.66,34.04,33.2,33.88,4555079
2010-04-20,34.06,34.43,33.91,34.18,5209731
2010-04-21,34.16,34.72,34.07,34.67,5137605
2010-04-22,34.75,37.03,34.39,36.82,10503392
2010-04-23,36.99,37.59,36.61,37.57,7110645
2010-04-26,37.48,38.08,37.37,37.38,6470913
2010-04-27,37.25,37.36,36.0,36.05,9016347
2010-04-28,36.21,36.33,35.31,35.89,6851158
2010-04-29,36.36,38.15,36.3,37.67,5911156
2010-04-30,37.74,37.77,36.68,36.76,5093069
2010-05-03,37.02,37.72,36.8408,37.68,2999229
2010-05-04,37.19,37.19,36.0,36.16,4517306
2010-05-05,35.66,36.29,34.95,35.26,4825635
2010-05-06,35.12,35.88,32.05,34.3,7057102
2010-05-07,34.03,34.33,32.47,33.34,6968221
2010-05-10,34.99,35.99,34.96,35.8,5763763
2010-05-11,35.06,36.14,34.64,35.6,4226243
2010-05-12,35.68,36.73,35.6,36.71,3442790
2010-05-13,36.57,37.12,35.9,36.03,3706121
2010-05-14,35.73,35.76,34.24,34.61,4399563
2010-05-17,34.68,35.31,33.93,34.93,4611460
2010-05-18,35.37,35.89,34.17,34.3,3803040
2010-05-19,34.06,34.51,32.65,33.69,5396612
2010-05-20,32.68,33.33,32.19,32.24,7951957
2010-05-21,31.6,33.04,31.28,32.94,5556051
2010-05-24,32.62,33.15,32.24,32.27,3243116
2010-05-25,31.23,32.34,30.88,32.25,9030213
2010-05-26,32.67,33.36,32.16,32.28,5448874
2010-05-27,33.01,34.04,32.84,34.02,2997986
2010-05-28,34.0,34.23,33.0725,33.45,3302808
2010-06-01,32.99,33.62,32.8,32.88,3635417
2010-06-02,32.93,33.5,32.45,33.5,3861288
2010-06-03,33.57,34.46,33.53,34.37,4738978
2010-06-04,33.27,33.48,31.86,32.18,5047972
2010-06-07,32.22,32.53,31.02,31.09,5439539
2010-06-08,31.07,32.23,30.44,32.14,6453535
2010-06-09,32.34,33.67,32.28,32.51,5977171
2010-06-10,32.74,33.6,32.73,33.41,4502050
2010-06-11,32.92,33.34,32.59,33.32,2708759
2010-06-14,33.59,34.52,33.51,33.97,5762440
2010-06-15,34.39,35.2,34.21,35.15,4266722
2010-06-16,34.88,35.6199,34.88,35.32,5008743
2010-06-17,35.32,35.46,34.73,35.24,4827403
2010-06-18,35.38,35.83,35.09,35.3,5054535
2010-06-21,35.89,36.39,34.95,35.25,4289165
2010-06-22,35.13,35.375,33.92,34.07,5077594
2010-06-23,34.11,34.34,33.28,33.72,4610210
2010-06-24,33.61,33.91,32.54,32.66,5308523
2010-06-25,32.68,32.86,31.86,32.71,10441570
2010-06-28,32.91,33.15,32.18,32.22,3078631
2010-06-29,31.51,31.74,30.43,30.64,5303561
2010-06-30,30.64,31.23,29.88,29.94,4727954
2010-07-01,29.91,30.35,29.1,30.12,6560171
2010-07-02,30.33,30.54,29.33,29.55,4101917
2010-07-06,29.97,30.34,28.94,29.25,4693911
2010-07-07,29.28,30.77,29.28,30.75,4344299
2010-07-08,31.09,31.14,30.19,30.68,4516993
2010-07-09,30.75,31.2982,30.68,31.14,2644224
2010-07-12,30.56,31.34,30.56,30.97,4794663
2010-07-13,31.34,32.22,31.3083,31.87,4599106
2010-07-14,31.79,32.42,31.58,32.16,6579765
2010-07-15,32.03,32.19,31.08,31.66,7148463
2010-07-16,31.4,31.6,30.22,30.31,5568447
2010-07-19,30.43,30.96,30.05,30.94,4773630
2010-07-20,30.31,31.62,30.31,31.55,4076433
2010-07-21,31.77,31.77,30.52,30.76,3744214
2010-07-22,31.22,32.27,31.22,32.04,3759480
2010-07-23,32.03,33.15,31.72,33.14,4705641
2010-07-26,33.2,34.06,32.91,33.87,4250194
2010-07-27,34.0,34.0,33.24,33.58,4075092
2010-07-28,33.61,34.13,33.35,33.67,3928766
2010-07-29,33.86,34.2,33.35,33.76,3903763
2010-07-30,33.26,34.03,33.06,33.91,4305926
2010-08-02,34.54,35.41,34.331,35.32,4656654
2010-08-03,35.27,35.46,34.48,34.95,4831996
2010-08-04,35.12,35.72,34.87,35.64,3008312
2010-08-05,35.26,35.7,35.13,35.35,2732307
2010-08-06,34.94,35.19,34.39,35.18,3140602
2010-08-09,35.39,35.7,35.25,35.64,1800348
2010-08-10,35.0,35.18,34.45,34.83,3060000
2010-08-11,34.1,34.13,33.35,33.56,3311211
2010-08-12,32.9,33.93,32.79,33.61,3806980
2010-08-13,33.4,33.93,33.28,33.48,2623684
2010-08-16,33.16,33.9,33.05,33.79,2285519
2010-08-17,34.17,35.19,33.96,34.68,3362397
2010-08-18,34.6,35.07,34.205,34.7,2515225
2010-08-19,34.48,34.64,33.19,33.57,3680040
2010-08-20,33.28,33.65,32.78,33.57,3145277
2010-08-23,33.84,33.88,33.08,33.14,1984577
2010-08-24,32.53,32.62,31.64,32.01,4512691
2010-08-25,31.84,32.28,31.46,32.16,4261308
2010-08-26,32.26,33.0,31.79,31.92,3665950
2010-08-27,32.11,32.94,31.25,32.7,4720172
2010-08-30,32.65,32.65,31.66,31.66,2449538
2010-08-31,31.53,32.315,31.33,32.02,3958459
2010-09-01,32.51,33.65,32.39,33.6,3694144
2010-09-02,33.49,34.76,33.49,34.71,3879364
2010-09-03,35.12,35.58,34.83,35.35,3268917
2010-09-07,35.07,35.15,34.65,34.78,2962023
2010-09-08,34.74,35.41,34.74,35.27,2949040
2010-09-09,35.75,36.02,35.36,35.51,2970720
2010-09-10,35.59,35.99,35.36,35.51,2377197
2010-09-13,35.93,36.25,35.78,36.18,2759698
2010-09-14,36.06,36.69,35.77,36.2,3969852
2010-09-15,35.97,36.07,35.58,35.94,3222476
2010-09-16,35.76,35.96,35.26,35.3,3939272
2010-09-17,35.43,36.01,35.21,35.62,7707650
2010-09-20,35.8,36.725,35.7,36.4,3611737
2010-09-21,36.4,36.54,35.9,36.06,3793148
2010-09-22,36.0,36.29,35.2,35.25,4822082
2010-09-23,34.88,35.34,34.51,34.58,3164408
2010-09-24,35.28,36.41,35.23,36.22,4077945
2010-09-27,36.29,36.29,35.84,35.92,2930922
2010-09-28,35.98,36.41,35.11,36.31,3627903
2010-09-29,36.13,36.31,35.69,35.87,2170832
2010-09-30,36.09,36.66,35.5,35.83,2759912
2010-10-01,36.15,36.33,35.71,36.28,3074668
2010-10-04,36.12,36.7,35.98,36.7,4400105
2010-10-05,36.93,37.87,36.81,37.81,5751950
2010-10-06,37.9,37.91,37.22,37.86,6171209
2010-10-07,36.14,37.02,35.13,35.67,12500548
2010-10-08,35.7,36.4,35.62,36.17,5386379
2010-10-11,36.14,36.21,35.4,35.67,3244909
2010-10-12,35.43,35.94,35.12,35.76,3352269
2010-10-13,36.13,36.205,35.68,36.0,5659576
2010-10-14,35.86,36.22,35.6294,35.93,5191913
2010-10-15,36.23,36.25,35.45,35.6,5530607
2010-10-18,35.59,35.71,35.27,35.49,3172512
2010-10-19,35.12,35.68,34.8,35.03,3796552
2010-10-20,35.13,36.5,35.075,36.03,4092721
2010-10-21,36.14,36.6,35.84,36.23,4581116
2010-10-22,36.54,37.61,36.3,37.29,3605625
2010-10-25,37.53,38.06,37.41,37.57,2790559
2010-10-26,37.92,38.24,37.7,37.77,3775715
2010-10-27,37.44,37.75,37.26,37.71,3662855
2010-10-28,38.05,38.06,36.96,37.52,3836325
2010-10-29,37.31,37.7,36.6,37.05,7193743
2010-11-01,37.36,37.76,37.15,37.43,4245555
2010-11-02,37.76,37.95,37.34,37.94,3317817
2010-11-03,38.03,38.1,37.42,38.02,3570841
2010-11-04,38.12,39.55,38.12,39.15,5729906
2010-11-05,39.18,40.0,38.95,39.55,5359908
2010-11-08,39.42,39.59,38.96,39.47,2986100
2010-11-09,39.38,39.58,38.27,38.55,4063065
2010-11-10,38.47,39.33,38.285,39.19,2835028
2010-11-11,38.75,39.46,38.26,39.13,2737784
2010-11-12,38.78,39.53,38.3,38.54,3035964
2010-11-15,38.77,38.97,38.26,38.3,2125793
2010-11-16,37.99,38.2601,37.38,37.59,3525875
2010-11-17,37.56,38.04,37.1,37.79,2303919
2010-11-18,38.35,39.09,38.35,38.72,2614340
2010-11-19,38.62,39.06,38.38,39.01,2667511
2010-11-22,38.74,39.19,38.37,39.15,2136253
2010-11-23,38.51,38.75,38.22,38.6,1608142
2010-11-24,38.95,39.82,38.94,39.69,2119781
2010-11-26,39.38,39.58,39.12,39.39,641579
2010-11-29,39.07,39.255,38.44,39.14,2207899
2010-11-30,38.74,39.45,38.64,39.21,2922466
2010-12-01,39.99,40.22,39.61,40.22,4329888
2010-12-02,40.22,40.71,40.01,40.52,3016273
2010-12-03,40.31,41.0,40.225,40.99,2185296
2010-12-06,40.77,41.14,40.59,41.0,2290295
2010-12-07,41.42,41.5,40.7916,40.89,2596689
2010-12-08,40.89,41.34,40.56,41.32,2406485
2010-12-09,41.55,41.9,41.43,41.71,2209954
2010-12-10,41.79,42.23,41.72,41.96,2198082
2010-12-13,42.03,42.19,41.69,41.77,2408895
2010-12-14,41.72,41.86,41.44,41.58,1903980
2010-12-15,41.52,41.93,40.87,40.91,2252759
2010-12-16,41.07,41.47,40.74,41.26,3020161
2010-12-17,41.28,41.705,41.09,41.65,2822777
2010-12-20,41.8,42.68,41.64,42.54,2786417
2010-12-21,42.54,42.64,42.1,42.38,2346306
2010-12-22,42.33,42.55,42.0,42.2,1575638
2010-12-23,42.21,42.34,41.95,42.09,1098361
2010-12-27,41.97,41.97,41.51,41.78,1214096
2010-12-28,41.81,41.91,41.47,41.83,1398071
2010-12-29,41.87,42.16,41.75,41.75,1133489
2010-12-30,41.69,41.73,41.365,41.46,1616147
2010-12-31,41.42,41.87,41.28,41.54,1692799
2011-01-03,41.9,42.14,41.72,41.99,2617458
2011-01-04,42.02,42.16,40.87,41.16,3107600
2011-01-05,40.93,41.68,40.82,41.57,2075153
2011-01-06,41.59,41.73,40.67,40.87,2401829
2011-01-07,40.94,41.56,40.33,40.81,2980684
2011-01-10,40.6,40.74,40.11,40.53,2108780
2011-01-11,40.83,41.18,40.465,40.74,1975259
2011-01-12,41.16,41.24,40.62,40.82,1998462
2011-01-13,40.74,41.24,40.74,41.13,2823982
2011-01-14,40.96,41.93,40.96,41.89,1698913
2011-01-18,41.86,42.09,41.3,41.41,1948069
2011-01-19,41.38,41.45,40.59,40.85,2087254
2011-01-20,40.66,40.72,39.96,40.14,3730336
2011-01-21,40.49,40.75,39.6,39.81,3443097
2011-01-24,39.74,40.27,39.45,40.26,2679779
2011-01-25,40.1,40.24,39.4,39.87,2828719
2011-01-26,40.02,40.41,39.54,39.65,4508634
2011-01-27,39.81,40.34,39.55,40.2,2512152
2011-01-28,39.9,40.36,38.54,38.6,2955571
2011-01-31,38.69,39.63,38.64,39.49,3282507
2011-02-01,39.56,40.46,39.56,40.37,2684424
2011-02-02,40.12,40.43,40.02,40.19,3006431
2011-02-03,40.29,40.87,39.72,40.03,4038158
2011-02-04,40.15,40.19,39.62,40.0,2702466
2011-02-07,40.15,40.37,39.76,39.96,3537335
2011-02-08,40.04,40.06,39.235,39.75,5216377
2011-02-09,39.66,40.35,39.49,39.7,3542709
2011-02-10,39.49,40.05,39.35,40.0,2115352
2011-02-11,39.71,41.26,39.57,41.22,2622022
2011-02-14,41.08,41.5,40.66,41.0,3357939
2011-02-15,42.51,42.78,41.34,41.46,6149430
2011-02-16,41.04,41.92,41.03,41.4,3564092
2011-02-17,41.13,41.22,40.46,40.96,2667538
2011-02-18,40.96,41.2,40.68,40.92,2417960
2011-02-22,40.28,40.37,38.83,39.03,5264921
2011-02-23,38.95,39.37,37.82,38.3,4731608
2011-02-24,38.27,38.51,37.82,38.47,3581173
2011-02-25,38.63,39.39,38.5,39.31,2574963
2011-02-28,39.44,39.44,39.03,39.21,3525911
2011-03-01,39.32,39.37,37.72,37.94,4958329
2011-03-02,37.85,38.39,37.485,38.03,3794941
2011-03-03,38.4,38.8,38.33,38.73,3230442
2011-03-04,38.65,38.74,37.67,38.0,3847663
2011-03-07,38.26,38.35,37.64,37.95,3364831
2011-03-08,38.1,39.1,37.85,38.96,3155695
2011-03-09,38.76,39.29,38.5,39.21,2396169
2011-03-10,38.53,38.91,38.4,38.49,2305803
2011-03-11,38.25,38.53,37.955,38.15,3165971
2011-03-14,37.78,38.1,37.55,37.93,3327127
2011-03-15,36.73,37.65,36.46,37.44,4704308
2011-03-16,37.25,37.64,36.67,36.98,4916169
2011-03-17,37.73,37.73,36.95,37.13,2914998
2011-03-18,37.76,38.08,37.5,37.97,3828019
2011-03-21,38.57,38.72,38.16,38.62,2213226
2011-03-22,38.54,38.54,36.88,36.98,4367303
2011-03-23,36.77,37.26,36.24,37.17,3208924
2011-03-24,37.41,37.59,36.93,37.2,3067231
2011-03-25,37.27,37.84,37.19,37.66,2784133
2011-03-28,36.75,37.41,34.95,35.3,17018903
2011-03-29,35.67,35.95,35.45,35.75,6769212
2011-03-30,36.32,36.44,35.8,35.83,4764248
2011-03-31,35.81,35.95,35.35,35.58,3476162
2011-04-01,35.8,36.08,35.26,35.41,5215315
2011-04-04,35.48,35.51,35.09,35.24,3962690
2011-04-05,34.88,35.37,34.81,35.13,4223527
2011-04-06,35.26,35.54,35.02,35.51,3508445
2011-04-07,35.38,35.52,34.98,35.04,3990844
2011-04-08,35.07,35.17,34.33,34.57,3969555
2011-04-11,34.57,34.73,34.06,34.18,3482296
2011-04-12,33.88,34.6,33.87,34.33,3676831
2011-04-13,34.46,34.59,34.1,34.19,3447870
2011-04-14,33.96,34.2,33.89,34.06,2814334
2011-04-15,34.27,34.3,33.81,34.1,4126635
2011-04-18,33.59,34.95,33.55,34.88,6669568
2011-04-19,34.86,35.39,34.69,34.92,4631979
2011-04-20,35.44,35.65,35.16,35.28,5376264
2011-04-21,35.15,36.58,35.13,35.87,6833674
2011-04-25,36.38,36.4,35.33,35.46,4801416
2011-04-26,35.51,35.74,35.13,35.28,3861235
2011-04-27,35.48,35.65,35.07,35.19,4179197
2011-04-28,35.11,35.62,35.11,35.47,3432059
2011-04-29,35.44,35.48,35.11,35.3,2660875
2011-05-02,35.5,35.64,35.39,35.5,3377085
2011-05-03,35.46,35.65,35.1,35.32,3268813
2011-05-04,35.34,35.5,34.87,35.07,2796317
2011-05-05,34.76,36.0,34.66,35.51,3621598
2011-05-06,35.94,36.96,35.76,36.29,5803241
2011-05-09,36.24,36.62,36.14,36.35,3755283
2011-05-10,36.53,37.26,36.47,37.16,3582010
2011-05-11,36.97,37.1,36.17,36.33,6514691
2011-05-12,36.13,36.72,35.98,36.57,3682801
2011-05-13,36.64,36.7,36.2,36.5,3450071
2011-05-16,36.27,36.47,35.76,35.82,3653904
2011-05-17,35.67,36.0,35.51,35.87,3480241
2011-05-18,35.85,36.62,35.74,36.57,3499236
2011-05-19,36.64,37.22,36.54,37.15,3826813
2011-05-20,37.13,37.52,37.03,37.16,3560641
2011-05-23,36.57,36.68,36.27,36.3,3219798
2011-05-24,36.45,36.89,36.395,36.52,3080636
2011-05-25,36.34,36.9999,36.32,36.71,3398651
2011-05-26,36.78,37.97,36.78,37.81,4128792
2011-05-27,38.0,38.52,37.67,37.86,4058313
2011-05-31,38.15,38.21,37.485,37.81,3236343
2011-06-01,37.68,37.68,36.83,36.85,4076076
2011-06-02,36.8,37.28,36.6,37.06,3135600
2011-06-03,36.54,36.775,36.095,36.25,3391324
2011-06-06,36.2,36.99,36.055,36.18,4862591
2011-06-07,36.31,36.47,35.51,35.54,4904081
2011-06-08,35.39,35.41,34.55,34.78,5941770
2011-06-09,34.86,34.91,34.38,34.6,4021610
2011-06-10,34.49,34.57,33.77,33.84,4182424
2011-06-13,33.97,34.09,33.45,33.77,4028144
2011-06-14,34.14,34.69,34.04,34.62,4148765
2011-06-15,34.21,34.45,33.48,33.48,4199008
2011-06-16,33.43,33.62,32.95,33.35,3676538
2011-06-17,33.63,33.8,32.92,33.15,4086872
2011-06-20,32.98,33.48,32.98,33.12,2866682
2011-06-21,33.42,34.35,33.26,34.31,3971555
2011-06-22,34.14,34.83,34.0501,34.37,3152541
2011-06-23,33.86,34.2701,33.47,34.24,3939720
2011-06-24,34.25,34.28,33.78,33.96,2225031
2011-06-27,33.87,34.19,33.46,34.08,2221277
2011-06-28,34.25,35.59,34.21,35.57,3952340
2011-06-29,35.67,36.0,35.08,35.21,4691136
2011-06-30,35.42,35.62,35.22,35.49,3623606
2011-07-01,35.61,36.89,35.49,36.82,3490369
2011-07-05,36.75,36.94,36.1,36.64,3651544
2011-07-06,36.64,36.74,36.47,36.62,3044710
2011-07-07,36.99,37.8,36.98,37.55,3724447
2011-07-08,36.92,37.18,36.6,37.17,2901823
2011-07-11,36.58,36.8,36.3,36.47,3873237
2011-07-12,36.4,37.32,36.34,36.82,5483865
2011-07-13,37.63,37.9,37.08,37.14,6840443
2011-07-14,35.85,36.1,33.95,34.69,20352461
2011-07-15,34.64,34.94,34.26,34.94,9360310
2011-07-18,34.7,34.82,34.18,34.24,6643901
2011-07-19,34.48,34.6,34.315,34.35,6676638
2011-07-20,34.54,34.62,34.19,34.25,5009169
2011-07-21,34.5,35.09,34.41,34.85,3789113
2011-07-22,34.84,35.3,34.77,35.11,2405934
2011-07-25,34.8,34.92,34.59,34.78,2841344
2011-07-26,34.71,34.74,34.2,34.26,5279238
2011-07-27,34.32,34.39,33.29,33.38,7384912
2011-07-28,33.45,33.57,32.68,32.72,5656439
2011-07-29,32.32,32.58,31.1,32.5,8188471
2011-08-01,32.89,32.93,31.93,32.02,6141727
2011-08-02,31.71,31.9,30.435,30.46,6693151
2011-08-03,30.25,31.3,29.76,31.13,14517410
2011-08-04,30.58,30.62,29.26,29.33,11723213
2011-08-05,29.96,30.41,28.8,29.5,14854311
2011-08-08,28.36,28.61,27.4,27.51,17855732
2011-08-09,28.33,28.43,26.75,28.29,14866392
2011-08-10,27.53,27.96,26.7,26.82,11092139
2011-08-11,27.03,28.51,26.87,28.13,6315879
2011-08-12,28.18,28.61,27.795,28.22,4925745
2011-08-15,28.48,28.82,28.11,28.82,3545475
2011-08-16,28.43,28.79,28.165,28.56,5283802
2011-08-17,28.76,29.1,28.57,28.94,7167151
2011-08-18,27.91,28.13,26.51,26.79,8264887
2011-08-19,26.3,27.15,26.12,26.24,5959511
2011-08-22,26.9,27.04,26.0001,26.11,5715798
2011-08-23,26.23,27.24,26.13,27.22,7490425
2011-08-24,27.1,28.46,26.97,28.44,5233979
2011-08-25,28.61,28.74,27.21,27.28,4220097
2011-08-26,26.99,27.935,26.52,27.52,4433614
2011-08-29,28.01,29.08,27.91,29.08,3543838
2011-08-30,28.91,29.31,28.48,29.07,3908153
2011-08-31,29.37,29.87,29.025,29.28,3761589
2011-09-01,29.33,29.72,28.57,28.75,4054447
2011-09-02,28.02,28.19,27.2292,27.28,3520879
2011-09-06,26.51,26.6,25.9301,26.56,5864068
2011-09-07,27.07,27.7,26.77,27.65,3245274
2011-09-08,27.37,27.44,26.69,26.81,2864495
2011-09-09,26.42,26.57,25.92,26.08,5548142
2011-09-12,25.65,26.2,25.49,26.04,5806106
2011-09-13,26.17,27.55,25.9,27.25,6177700
2011-09-14,27.39,28.76,27.34,28.29,6596752
2011-09-15,28.67,29.0,28.43,28.82,5031261
2011-09-16,28.99,29.24,28.675,29.2,4018255
2011-09-19,28.55,28.915,28.175,28.74,3177412
2011-09-20,28.98,29.38,28.61,28.61,3492172
2011-09-21,28.7,29.17,27.77,27.77,3844395
2011-09-22,26.72,27.15,26.1,26.8,6428749
2011-09-23,26.58,27.81,26.53,27.17,6045623
2011-09-26,27.48,27.79,26.64,27.69,4718259
2011-09-27,28.45,28.95,28.25,28.44,5198437
2011-09-28,28.58,28.64,27.75,27.8,4077685
2011-09-29,28.46,29.11,28.17,28.7,7118567
2011-09-30,28.16,28.25,27.24,27.24,6034172
2011-10-03,26.99,27.96,25.885,26.18,7230989
2011-10-04,25.73,27.15,25.56,27.1,6651420
2011-10-05,27.11,28.25,26.71,28.18,5796568
2011-10-06,28.4,29.0,27.65,28.78,7491858
2011-10-07,28.95,29.04,27.83,28.17,5054283
2011-10-10,28.77,29.97,28.65,29.62,4909079
2011-10-11,29.38,29.52,29.06,29.27,4763537
2011-10-12,29.45,30.89,29.42,30.23,5366209
2011-10-13,29.86,30.28,29.46,30.15,3788852
2011-10-14,30.52,30.7,29.91,30.65,2499759
2011-10-17,30.18,30.4912,29.265,29.35,2803947
2011-10-18,29.27,30.825,29.1,30.5,3350509
2011-10-19,30.43,30.46,29.71,29.81,4030247
2011-10-20,29.82,30.33,29.46,30.14,3603921
2011-10-21,30.69,31.26,30.49,30.96,3915060
2011-10-24,31.01,31.99,30.93,31.85,4513081
2011-10-25,31.57,32.0,30.87,31.11,3287247
2011-10-26,31.6,31.98,30.71,31.73,5793888
2011-10-27,32.66,33.57,32.48,33.3,4968634
2011-10-28,33.22,33.4,32.49,32.78,4411876
2011-10-31,32.38,32.51,31.45,31.5,5645495
2011-11-01,30.61,31.2,30.18,30.63,4764907
2011-11-02,31.2,32.16,30.96,31.48,4706685
2011-11-03,31.92,32.29,30.755,32.2,4840642
2011-11-04,31.92,32.2,31.34,31.61,3419474
2011-11-07,31.5,31.905,31.13,31.83,2978628
2011-11-08,32.0,32.0,30.88,31.66,2935042
2011-11-09,30.75,31.05,30.15,30.23,4462353
2011-11-10,30.67,30.97,29.97,30.27,5586630
2011-11-11,30.79,31.75,30.77,31.62,2464368
2011-11-14,31.33,31.6,30.91,31.17,2410788
2011-11-15,30.97,31.63,30.85,31.22,2748321
2011-11-16,30.85,31.37,30.54,30.6,3600987
2011-11-17,30.5,30.94,30.25,30.5,3298348
2011-11-18,30.78,31.05,30.51,30.92,3850145
2011-11-21,30.29,30.4897,29.9,30.22,3740420
2011-11-22,28.71,29.4,28.46,28.87,5145508
2011-11-23,28.46,28.57,27.94,27.98,3158331
2011-11-25,27.73,28.47,27.5297,27.92,1588594
2011-11-28,28.81,29.37,28.57,29.28,3829092
2011-11-29,29.32,29.73,29.2,29.29,2858946
2011-11-30,30.39,30.68,30.07,30.62,3478773
2011-12-01,30.6,30.92,30.485,30.58,2415627
2011-12-02,30.96,31.31,30.76,30.92,3412984
2011-12-05,31.41,31.76,31.0716,31.32,3801023
2011-12-06,31.39,31.39,30.975,30.98,3011432
2011-12-07,30.95,30.95,30.13,30.5,4855798
2011-12-08,30.29,30.46,29.36,29.43,4997967
2011-12-09,29.64,30.18,29.59,29.92,3693656
2011-12-12,29.6,29.72,29.23,29.66,2869356
2011-12-13,29.77,29.91,28.69,28.84,4662138
2011-12-14,28.66,28.74,28.25,28.29,4074929
2011-12-15,28.73,28.73,28.24,28.3,3612452
2011-12-16,28.65,28.9516,28.5,28.56,4762332
2011-12-19,28.75,28.92,27.925,27.99,3546158
2011-12-20,28.57,28.89,28.5,28.63,4529965
2011-12-21,28.5,29.0494,28.35,28.99,3452831
2011-12-22,29.01,29.575,29.01,29.44,2057632
2011-12-23,29.55,29.83,29.55,29.71,2753892
2011-12-27,29.73,30.18,29.67,30.01,2332426
2011-12-28,29.92,29.96,29.05,29.15,3114911
2011-12-29,29.21,29.4,29.02,29.27,1929860
2011-12-30,29.19,29.44,29.13,29.17,1346717
2012-01-03,29.88,30.28,29.82,30.0,3290474
2012-01-04,29.93,30.57,29.73,30.47,5360739
2012-01-05,30.2,31.6,30.03,31.47,7517738
2012-01-06,31.39,31.985,31.19,31.74,5495148
2012-01-09,31.78,32.5,31.7,32.17,5305981
2012-01-10,33.0,33.28,32.425,32.7,6334852
2012-01-11,33.11,33.24,32.79,33.02,3041782
2012-01-12,33.17,33.95,32.96,33.85,4931945
2012-01-13,33.34,33.66,33.035,33.53,3525959
2012-01-17,33.87,34.07,33.4,33.63,5470771
2012-01-18,33.62,34.1,33.55,33.94,5251525
2012-01-19,34.03,34.95,34.01,34.66,5047443
2012-01-20,34.67,34.87,34.42,34.84,3112798
2012-01-23,34.83,34.91,34.29,34.84,2236829
2012-01-24,34.51,35.01,34.4,34.94,2345066
2012-01-25,34.9,35.34,34.65,35.16,4070677
2012-01-26,35.29,35.5,34.575,34.63,3640522
2012-01-27,34.54,34.94,34.28,34.57,2724318
2012-01-30,34.18,34.76,33.93,34.65,2888206
2012-01-31,34.71,34.72,34.2,34.45,2903882
2012-02-01,34.69,35.29,34.69,35.13,3719299
2012-02-02,34.57,35.33,34.37,35.17,4928184
2012-02-03,35.56,36.345,35.44,36.13,4055217
2012-02-06,35.89,36.23,35.788,36.15,2107093
2012-02-07,35.89,36.39,35.65,36.17,3213407
2012-02-08,36.12,36.37,36.03,36.22,2749513
2012-02-09,36.31,36.33,35.775,36.05,2295751
2012-02-10,35.7,35.87,35.22,35.72,2753718
2012-02-13,36.12,36.15,35.45,35.94,2765695
2012-02-14,35.67,35.75,34.86,35.13,6386661
2012-02-15,35.22,35.33,34.51,34.73,5984896
2012-02-16,34.38,35.8,34.21,34.82,6667228
2012-02-17,35.03,35.34,34.75,34.93,3146763
2012-02-21,34.4,35.14,34.2,34.32,4524640
2012-02-22,34.21,34.69,34.21,34.44,4438139
2012-02-23,34.37,34.53,34.025,34.3,3975163
2012-02-24,34.91,35.02,34.685,34.73,4187905
2012-02-27,34.43,35.12,34.32,34.9,3392536
2012-02-28,34.89,35.53,34.76,35.41,4298160
2012-02-29,35.5,35.79,35.13,35.28,4138783
2012-03-01,35.47,35.87,35.4,35.75,2832544
2012-03-02,35.79,36.15,35.58,35.75,2817260
2012-03-05,35.77,36.15,35.66,36.07,2770930
2012-03-06,35.7,35.91,35.51,35.78,4517916
2012-03-07,35.87,36.05,35.72,35.9,4195268
2012-03-08,36.41,37.16,36.39,36.74,5444696
2012-03-09,36.72,37.82,36.67,37.54,5830425
2012-03-12,37.5,37.83,37.34,37.48,3504359
2012-03-13,37.76,38.36,37.73,38.36,3979426
2012-03-14,38.3,38.63,38.1,38.39,4159518
2012-03-15,38.39,38.61,38.08,38.38,2269162
2012-03-16,38.35,38.53,38.06,38.14,3448777
2012-03-19,38.12,38.275,37.66,38.08,3989114
2012-03-20,37.82,38.01,37.54,37.64,3414211
2012-03-21,37.61,38.14,37.54,37.88,2507342
2012-03-22,37.69,37.97,37.41,37.71,2058372
2012-03-23,37.74,37.81,37.24,37.72,2099157
2012-03-26,38.09,38.63,38.09,38.62,2917221
2012-03-27,38.72,38.828,38.31,38.55,3751571
2012-03-28,38.47,38.52,37.77,38.05,3108936
2012-03-29,37.78,37.97,37.28,37.64,2531860
2012-03-30,37.86,38.13,37.73,37.85,2902021
2012-04-02,37.87,38.16,37.51,38.04,3121235
2012-04-03,37.93,38.32,37.86,38.32,3119576
2012-04-04,37.87,37.91,37.44,37.66,2871171
2012-04-05,37.43,37.91,37.4,37.78,3660247
2012-04-09,37.08,37.74,36.92,37.49,3015230
2012-04-10,37.4,37.55,36.44,36.47,4653951
2012-04-11,36.85,37.46,36.6,37.34,2483894
2012-04-12,37.44,37.66,37.22,37.57,2678134
2012-04-13,37.48,37.54,37.17,37.31,2377898
2012-04-16,37.61,37.64,37.09,37.31,3025734
2012-04-17,37.83,38.06,37.36,37.91,2666521
2012-04-18,37.74,38.18,37.66,37.83,2484543
2012-04-19,38.79,39.89,38.79,39.45,6224381
2012-04-20,39.69,39.69,38.79,38.9,6021215
2012-04-23,38.55,38.65,37.95,38.51,3506881
2012-04-24,38.55,38.71,38.19,38.4,2910364
2012-04-25,38.75,39.0225,38.55,39.02,3001879
2012-04-26,39.21,39.865,39.06,39.77,3790423
2012-04-27,39.8,39.87,39.42,39.53,3241350
2012-04-30,39.28,39.39,38.83,39.09,2195789
2012-05-01,39.21,39.9,39.02,39.65,3007792
2012-05-02,39.46,40.32,39.16,39.99,5474323
2012-05-03,39.96,40.45,39.81,40.09,4310306
2012-05-04,39.75,39.92,39.22,39.28,3147419
2012-05-07,39.14,39.535,38.82,39.29,3089969
2012-05-08,39.05,39.155,37.97,38.82,3683472
2012-05-09,38.36,39.43,38.11,39.18,3807897
2012-05-10,39.62,39.85,38.94,39.24,2587941
2012-05-11,39.04,39.65,38.71,39.34,2533552
2012-05-14,38.89,39.1,38.5,38.69,2754492
2012-05-15,38.53,39.46,38.51,39.04,3569635
2012-05-16,39.18,39.4,38.57,38.57,3205047
2012-05-17,38.65,38.71,36.96,37.02,4081122
2012-05-18,37.21,37.73,36.62,36.83,4519178
2012-05-21,36.89,38.06,36.87,38.01,2356542
2012-05-22,38.04,38.56,37.7,37.88,3337599
2012-05-23,37.63,38.28,37.29,38.11,3547564
2012-05-24,38.27,38.5,37.95,38.39,2502085
2012-05-25,38.15,38.8,38.15,38.64,2423366
2012-05-29,38.88,39.19,38.61,39.14,2770605
2012-05-30,38.7,38.77,37.99,38.29,3553500
2012-05-31,38.25,38.98,37.39,38.71,4218287
2012-06-01,37.79,37.9,36.33,36.49,5971859
2012-06-04,36.74,36.79,35.89,36.33,4315277
2012-06-05,35.95,36.81,35.68,36.71,3492306
2012-06-06,37.0,37.79,36.98,37.55,4044702
2012-06-07,38.15,38.58,37.43,37.54,3173261
2012-06-08,37.43,37.8,37.16,37.8,2350059
2012-06-11,38.19,38.19,36.83,36.86,2632002
2012-06-12,37.0,37.52,36.74,37.5,2469038
2012-06-13,37.27,37.5,36.81,36.97,2062541
2012-06-14,37.0,37.8801,36.88,37.65,1821736
2012-06-15,37.66,38.03,37.43,37.98,2168122
2012-06-18,37.54,38.56,37.48,38.38,2099836
2012-06-19,38.75,39.99,38.74,39.62,3663714
2012-06-20,39.69,40.0,39.32,39.81,3074908
2012-06-21,39.82,39.93,38.61,38.64,2986867
2012-06-22,39.0,39.11,38.49,38.8,2771715
2012-06-25,38.4,38.48,37.55,37.78,1851367
2012-06-26,37.81,38.1,37.34,37.87,2132856
2012-06-27,38.08,38.19,37.67,38.16,2614208
2012-06-28,37.89,38.23,37.1,37.54,2630358
2012-06-29,38.49,39.28,38.49,39.2,3076611
2012-07-02,39.18,39.48,38.96,39.25,2979601
2012-07-03,39.19,39.38,38.99,39.25,1329076
2012-07-05,39.13,39.87,38.72,39.58,2475831
2012-07-06,39.09,39.49,38.89,39.4,2480474
2012-07-09,39.38,39.55,38.935,38.96,3503761
2012-07-10,39.37,39.5,37.905,38.17,4015350
2012-07-11,38.33,39.08,37.74,38.03,6299929
2012-07-12,37.14,37.35,35.51,35.58,9569745
2012-07-13,35.61,36.34,35.51,36.28,4893218
2012-07-16,36.1,36.38,36.07,36.12,2911795
2012-07-17,36.21,36.77,35.89,36.7,4987063
2012-07-18,36.44,37.14,36.23,36.7,3592518
2012-07-19,36.85,37.68,36.68,37.29,2937995
2012-07-20,37.04,37.4,36.8,36.85,3512148
2012-07-23,36.03,36.22,35.5,35.8,4388946
2012-07-24,35.73,35.98,34.69,35.03,4963157
2012-07-25,35.19,35.65,34.98,35.34,3613129
2012-07-26,35.96,36.15,35.38,36.06,3666341
2012-07-27,36.39,37.095,36.285,36.89,2820151
2012-07-30,36.75,37.06,36.18,36.5,2371848
2012-07-31,36.44,36.66,36.18,36.42,2415344
2012-08-01,36.71,36.785,36.07,36.35,2083774
2012-08-02,36.03,36.54,35.67,36.32,2363543
2012-08-03,36.82,37.71,36.82,37.55,2070672
2012-08-06,37.62,37.83,37.31,37.35,2669917
2012-08-07,37.61,38.26,37.56,38.12,2639256
2012-08-08,37.7,37.75,37.08,37.24,3094194
2012-08-09,37.27,37.66,37.195,37.29,2284833
2012-08-10,37.18,37.22,36.62,36.94,2075799
2012-08-13,36.91,37.13,36.75,36.93,1566949
2012-08-14,37.25,37.42,36.57,36.66,2042657
2012-08-15,36.64,36.91,36.42,36.79,1578395
2012-08-16,36.77,37.97,36.73,37.81,1836950
2012-08-17,37.87,38.155,37.78,38.05,2067897
2012-08-20,37.84,38.0,37.47,37.55,2588633
2012-08-21,37.48,37.66,37.0999,37.2,2190551
2012-08-22,37.01,37.37,36.75,37.24,2483168
2012-08-23,37.2,37.31,37.04,37.12,1974593
2012-08-24,36.97,37.2,36.6,36.97,2644135
2012-08-27,37.19,37.44,36.96,37.36,2000366
2012-08-28,37.16,37.69,37.04,37.26,2243394
2012-08-29,37.28,37.66,37.15,37.6,1954692
2012-08-30,37.35,37.7,37.15,37.54,1913684
2012-08-31,37.75,37.97,37.36,37.68,1670615
2012-09-04,37.58,37.995,37.31,37.63,2112294
2012-09-05,37.57,37.64,37.23,37.4,2122318
2012-09-06,37.75,38.9,37.6606,38.75,2759104
2012-09-07,38.9,39.36,38.84,39.36,3627835
2012-09-10,39.36,39.36,38.95,38.97,2736004
2012-09-11,39.0,39.46,38.97,39.34,2083507
2012-09-12,39.5,39.64,39.27,39.52,1320432
2012-09-13,39.56,41.01,39.36,40.98,4433915
2012-09-14,40.96,41.84,40.69,41.6,3431935
2012-09-17,41.26,41.46,40.695,41.16,3247647
2012-09-18,41.18,41.28,40.9,41.07,1646197
2012-09-19,41.03,41.29,40.86,40.9,3550212
2012-09-20,40.38,40.8,39.75,40.75,4018726
2012-09-21,40.96,41.0,40.39,40.43,3375091
2012-09-24,40.33,40.6,40.0,40.22,2245057
2012-09-25,39.78,40.41,39.12,39.14,3505282
2012-09-26,39.11,39.28,38.7599,39.01,2476978
2012-09-27,39.23,39.72,38.95,39.58,2298510
2012-09-28,39.35,39.47,39.0,39.1,3023845
2012-10-01,39.32,39.64,38.89,38.97,3254882
2012-10-02,39.16,39.255,38.5,38.63,3500626
2012-10-03,38.86,39.08,38.5,39.0,4675111
2012-10-04,39.88,40.3,38.66,38.94,6841532
2012-10-05,38.59,39.15,38.0,38.29,5090424
2012-10-08,38.2,39.09,38.06,38.73,5050361
2012-10-09,38.7,38.84,38.3,38.45,3116242
2012-10-10,38.46,38.76,38.16,38.38,2911601
2012-10-11,37.73,38.29,37.66,38.17,3491586
2012-10-12,38.22,38.64,37.95,38.16,2319498
2012-10-15,38.25,38.65,38.15,38.53,1928571
2012-10-16,38.81,38.97,38.65,38.89,1485259
2012-10-17,39.0,39.0,38.5599,38.79,1998791
2012-10-18,38.79,39.11,38.58,38.89,1954542
2012-10-19,38.67,38.67,37.325,37.53,3504925
2012-10-22,37.53,37.99,37.13,37.94,2271815
2012-10-23,37.27,37.33,36.84,36.89,2215459
2012-10-24,37.07,37.15,36.29,36.44,3704158
2012-10-25,36.75,37.05,36.09,36.47,4003580
2012-10-26,36.4,37.26,36.33,36.82,5715372
2012-10-31,36.78,36.95,36.23,36.48,3793590
2012-11-01,36.64,37.15,36.52,36.96,2507338
2012-11-02,37.23,37.47,36.67,36.69,4070034
2012-11-05,36.52,36.72,36.33,36.64,1858963
2012-11-06,36.73,36.88,36.5,36.77,2267717
2012-11-07,36.41,36.67,35.85,36.01,2809633
2012-11-08,35.98,36.0299,35.28,35.28,3327256
2012-11-09,35.16,36.0,35.11,35.54,3759698
2012-11-12,35.65,35.67,35.27,35.31,1980099
2012-11-13,35.13,35.47,35.06,35.13,3253860
2012-11-14,35.28,35.31,34.26,34.38,2788645
2012-11-15,34.38,34.6,33.93,34.11,3198864
2012-11-16,34.21,34.95,34.1,34.43,3369499
2012-11-19,34.93,35.59,34.86,35.45,4265281
2012-11-20,35.38,35.49,34.73,34.88,2710266
2012-11-21,34.9,35.16,34.75,34.82,1227637
2012-11-23,35.04,35.27,34.88,35.24,583336
2012-11-26,34.97,35.03,34.63,34.71,2641916
2012-11-27,34.56,35.07,34.51,34.64,2987682
2012-11-28,34.47,35.27,34.205,35.21,2701313
2012-11-29,35.49,36.7,35.35,36.63,5356583
2012-11-30,36.56,36.56,36.13,36.29,3632690
2012-12-03,36.23,36.69,35.87,35.89,1719969
2012-12-04,35.81,35.86,35.49,35.53,2285279
2012-12-05,35.61,35.75,35.11,35.27,2013244
2012-12-06,35.32,35.78,35.19,35.46,1544216
2012-12-07,35.72,35.72,35.28,35.43,1282775
2012-12-10,35.35,35.7,35.26,35.59,1135851
2012-12-11,35.75,35.92,35.555,35.79,1868448
2012-12-12,35.99,36.19,35.54,35.92,2259035
2012-12-13,35.9,36.0,35.57,35.62,1601202
2012-12-14,35.47,36.33,35.47,36.11,2328114
2012-12-17,36.21,36.86,36.11,36.84,2489706
2012-12-18,36.96,37.47,36.81,37.42,3001602
2012-12-19,37.39,37.5201,37.13,37.22,2375421
2012-12-20,37.19,37.855,37.12,37.68,3433275
2012-12-21,37.09,37.45,36.99,37.4,3348783
2012-12-24,37.32,37.37,37.0,37.12,562146
2012-12-26,37.15,37.19,36.69,36.71,1516083
2012-12-27,36.73,36.97,36.29,36.88,1731361
2012-12-28,36.49,37.04,36.42,36.48,1662692
2012-12-31,36.31,37.29,36.24,37.27,1946045
2013-01-02,38.32,39.41,38.14,38.79,3964897
2013-01-03,38.86,39.34,38.73,39.1,2810703
2013-01-04,39.23,39.43,38.98,39.23,2285875
2013-01-07,38.94,39.2,38.79,39.01,1817103
2013-01-08,38.93,39.05,38.75,38.9,1720245
2013-01-09,38.98,39.06,38.73,38.9,1456574
2013-01-10,39.19,39.29,38.845,39.02,1521462
2013-01-11,38.98,39.1,38.76,38.88,863164
2013-01-14,38.91,39.145,38.62,38.73,1227660
2013-01-15,38.58,39.24,38.55,39.16,1829918
2013-01-16,38.96,39.09,38.7,38.83,1182170
2013-01-17,38.95,39.53,38.9,39.28,2481499
2013-01-18,39.38,39.4,38.97,39.27,1523051
2013-01-22,39.2,39.3,38.74,39.24,2173288
2013-01-23,39.2,39.29,38.91,39.15,2010563
2013-01-24,39.2,39.38,38.83,38.97,2456791
2013-01-25,39.16,39.65,39.05,39.56,2913081
2013-01-28,39.51,40.12,39.4,40.1,4130958
2013-01-29,39.99,40.25,39.77,40.21,2281319
2013-01-30,40.13,40.38,40.07,40.14,2247693
2013-01-31,40.23,40.23,39.795,39.98,2596974
2013-02-01,40.34,40.58,40.09,40.29,1854042
2013-02-04,39.99,40.145,39.67,39.77,1830832
2013-02-05,40.02,40.17,39.85,39.95,1836551
2013-02-06,39.89,40.74,39.81,40.66,2508837
2013-02-07,40.55,40.66,39.99,40.47,2087718
2013-02-08,40.53,41.05,40.48,40.97,1965444
2013-02-11,40.97,41.23,40.76,41.22,1182169
2013-02-12,41.19,41.52,40.89,41.39,1637756
2013-02-13,41.58,41.61,41.16,41.18,1460947
2013-02-14,40.92,41.21,40.78,41.16,1381230
2013-02-15,41.19,41.73,41.13,41.23,3495790
2013-02-19,41.15,41.15,40.63,40.83,4136399
2013-02-20,39.87,41.0,39.52,39.72,3722227
2013-02-21,39.61,39.62,39.05,39.16,3558470
2013-02-22,39.33,39.49,39.04,39.49,1832541
2013-02-25,39.7,39.97,38.6,38.6,3348421
2013-02-26,38.71,38.92,38.35,38.53,2620586
2013-02-27,38.5,39.43,38.5,39.3,1639281
2013-02-28,39.34,39.8,39.24,39.45,2703659
2013-03-01,39.28,39.7,39.06,39.57,1580541
2013-03-04,39.5,39.615,38.93,39.2,3377357
2013-03-05,39.42,39.805,39.34,39.46,2484167
2013-03-06,39.62,39.71,39.3,39.38,2254474
2013-03-07,39.49,39.54,39.23,39.36,1950671
2013-03-08,39.68,40.515,39.53,40.29,4827073
2013-03-11,40.31,40.43,39.93,40.24,3277964
2013-03-12,40.31,40.56,39.82,39.98,2378141
2013-03-13,40.05,40.4,39.96,40.18,2199386
2013-03-14,40.26,40.56,40.13,40.42,1593690
2013-03-15,40.25,40.45,40.02,40.35,2708640
2013-03-18,39.79,40.15,39.605,39.9,2086990
2013-03-19,40.0,40.07,39.24,39.55,2858403
2013-03-20,39.83,40.22,39.75,40.02,1473879
2013-03-21,39.76,39.97,39.5,39.62,1431820
2013-03-22,39.7,39.89,39.65,39.85,1298010
2013-03-25,40.0,40.12,39.59,39.76,1931664
2013-03-26,39.93,41.56,39.79,41.29,5148475
2013-03-27,41.04,41.7,40.92,41.62,2544564
2013-03-28,41.69,42.27,41.57,42.23,2392711
2013-04-01,42.12,42.25,41.6,41.63,1778018
2013-04-02,41.86,41.92,41.31,41.46,1691480
2013-04-03,41.52,41.66,40.85,41.0,2291506
2013-04-04,40.98,41.325,40.88,41.3,1549338
2013-04-05,40.59,40.6899,40.2,40.66,1777060
2013-04-08,40.5,41.3,40.5,41.3,944075
2013-04-09,41.55,41.87,41.39,41.6,1744857
2013-04-10,41.73,42.15,41.58,41.99,1876959
2013-04-11,42.19,42.37,42.08,42.21,1702575
2013-04-12,42.07,42.59,41.98,42.59,1123017
2013-04-15,42.2,42.2375,40.55,40.71,4070784
2013-04-16,41.2,41.75,41.12,41.75,2479967
2013-04-17,41.42,41.56,40.83,41.13,1635181
2013-04-18,41.24,41.39,40.55,40.81,1994340
2013-04-19,40.91,41.43,40.711,41.34,1267707
2013-04-22,41.38,41.56,41.03,41.33,1456299
2013-04-23,41.51,41.94,41.4925,41.87,1744343
2013-04-24,41.98,42.06,41.39,41.43,1729912
2013-04-25,41.72,41.92,41.59,41.64,2066785
2013-04-26,41.53,42.0,41.48,41.57,2228607
2013-04-29,41.5,41.67,41.21,41.62,1661328
2013-04-30,41.8,43.135,41.8,43.06,3684129
2013-05-01,42.46,42.91,42.29,42.48,2508142
2013-05-02,42.57,42.96,41.45,42.84,3229722
2013-05-03,43.25,43.555,42.87,43.01,2589451
2013-05-06,43.0,43.27,42.94,43.11,1826351
2013-05-07,43.21,43.71,43.21,43.54,1220358
2013-05-08,43.34,43.7,43.22,43.49,1657862
2013-05-09,43.51,43.64,43.13,43.23,1710510
2013-05-10,43.35,43.97,43.24,43.97,1762029
2013-05-13,43.92,43.93,43.6,43.63,1438312
2013-05-14,43.65,44.0,43.6101,43.96,1986182
2013-05-15,43.91,44.45,43.74,43.97,3448490
2013-05-16,43.86,43.94,43.125,43.19,1089670
2013-05-17,43.32,43.835,43.32,43.73,1787853
2013-05-20,43.69,43.84,43.31,43.36,1355306
2013-05-21,43.37,43.71,43.215,43.48,1285631
2013-05-22,43.34,43.82,42.55,42.77,1622828
2013-05-23,42.35,43.16,42.32,42.58,1889235
2013-05-24,42.38,42.86,42.14,42.77,1442849
2013-05-28,43.25,43.55,43.08,43.23,1394362
2013-05-29,42.91,43.08,42.26,42.33,1546409
2013-05-30,42.48,42.91,42.38,42.52,1521272
2013-05-31,42.42,42.84,42.01,42.01,2354448
2013-06-03,42.35,42.39,41.54,42.2,2130051
2013-06-04,42.13,42.23,40.4,40.41,4193319
2013-06-05,40.24,40.88,40.09,40.39,3339812
2013-06-06,40.33,41.02,40.09,41.01,1937174
2013-06-07,41.24,41.7,41.1,41.66,2058740
2013-06-10,41.7,41.89,41.38,41.48,2003947
2013-06-11,41.01,41.23,40.59,40.84,1778128
2013-06-12,41.13,41.41,40.28,40.59,2219740
2013-06-13,40.54,41.18,40.26,41.09,1753119
2013-06-14,41.08,41.54,40.59,40.77,1352468
2013-06-17,41.02,41.12,40.525,40.66,2472580
2013-06-18,40.66,41.095,40.57,40.82,2055134
2013-06-19,40.78,41.07,40.41,40.42,2794175
2013-06-20,39.98,40.0,38.98,39.05,2797537
2013-06-21,39.35,39.54,38.165,38.93,4644020
2013-06-24,38.5,39.14,38.23,38.71,2635384
2013-06-25,39.28,39.421,38.89,39.35,2193996
2013-06-26,39.7,39.84,39.42,39.45,2482351
2013-06-27,39.73,40.41,39.63,40.25,2152623
2013-06-28,40.14,40.71,39.96,40.37,2709942
2013-07-01,40.67,40.86,40.29,40.32,1602265
2013-07-02,40.38,40.67,40.14,40.23,1953083
2013-07-03,40.01,40.45,39.82,40.3,831619
2013-07-05,40.72,41.43,40.58,41.4,1527247
2013-07-08,41.61,42.11,41.59,41.72,1807086
2013-07-09,41.96,42.04,41.45,41.74,2054660
2013-07-10,41.75,41.97,41.47,41.93,1297732
2013-07-11,42.52,42.69,42.12,42.18,1954716
2013-07-12,42.2,42.32,41.7,41.73,2183381
2013-07-15,41.74,41.96,41.56,41.58,1977387
2013-07-16,41.66,41.8,41.38,41.49,1655764
2013-07-17,41.65,41.7,41.04,41.34,1794661
2013-07-18,41.55,42.255,41.36,42.01,1540376
2013-07-19,41.95,42.0,41.08,41.62,1703172
2013-07-22,41.53,41.69,41.32,41.47,1163576
2013-07-23,41.55,41.64,40.89,40.95,1402585
2013-07-24,41.05,41.07,40.16,40.37,3310089
2013-07-25,40.37,41.05,40.3,40.86,2768369
2013-07-26,40.66,41.3098,40.51,41.26,1236006
2013-07-29,41.08,41.4998,40.87,40.96,1633202
2013-07-30,41.21,41.5,41.11,41.39,1421991
2013-07-31,41.48,42.01,41.25,41.57,2945118
2013-08-01,40.94,41.98,40.9,41.58,6797592
2013-08-02,41.55,43.0,41.41,42.42,5179350
2013-08-05,42.24,42.5,41.945,42.17,2662693
2013-08-06,42.16,42.38,41.63,41.68,1773879
2013-08-07,41.62,41.6299,40.97,40.97,2323224
2013-08-08,41.19,41.66,40.9,41.49,1383240
2013-08-09,41.4,41.48,40.91,40.94,1511486
2013-08-12,40.61,41.0,40.51,40.73,1681524
2013-08-13,40.76,40.81,40.19,40.57,1370406
2013-08-14,40.45,41.69,40.34,41.08,3434047
2013-08-15,40.98,41.51,40.755,40.89,2947438
2013-08-16,40.82,40.84,40.36,40.4,2164866
2013-08-19,40.4,40.55,40.2,40.25,2240643
2013-08-20,40.16,40.37,39.9701,40.05,2089021
2013-08-21,39.97,40.29,39.58,39.89,2182660
2013-08-22,39.96,41.61,39.8,41.32,2515637
2013-08-23,41.44,41.58,40.915,41.16,2936545
2013-08-26,41.16,41.61,40.95,41.23,1552375
2013-08-27,40.76,40.83,40.325,40.42,2375970
2013-08-28,40.35,40.37,39.85,40.15,2514914
2013-08-29,40.0,40.71,39.95,40.25,1638219
2013-08-30,40.24,40.45,39.88,39.99,1671495
2013-09-03,40.37,40.74,40.24,40.3,1860861
2013-09-04,40.22,41.155,40.17,40.93,1735830
2013-09-05,40.9,41.22,40.61,40.77,1910589
2013-09-06,40.79,40.93,40.28,40.62,1944573
2013-09-09,40.74,41.25,40.74,41.06,1592453
2013-09-10,41.24,41.685,41.24,41.61,1460724
2013-09-11,42.09,43.29,42.0,42.96,3687373
2013-09-12,42.99,43.11,42.32,42.59,1930126
2013-09-13,42.56,42.94,42.47,42.86,1497372
2013-09-16,43.31,43.52,43.015,43.12,1413534
2013-09-17,43.11,43.5,43.08,43.35,1696372
2013-09-18,43.27,43.94,42.88,43.82,1922289
2013-09-19,43.81,43.99,43.53,43.58,1811576
2013-09-20,43.48,43.51,43.03,43.17,3271003
2013-09-23,43.17,43.28,42.7103,43.0,1807731
2013-09-24,43.0,43.41,42.85,43.06,2737258
2013-09-25,43.05,43.15,42.6,42.81,1785717
2013-09-26,42.78,43.11,42.4,42.91,2099037
2013-09-27,42.62,42.765,42.0,42.35,2404536
2013-09-30,41.96,42.165,41.67,42.06,2357337
2013-10-01,42.02,42.5501,41.995,42.54,1974405
2013-10-02,42.3,42.495,41.82,42.47,1881873
2013-10-03,42.31,42.42,41.75,42.28,2337875
2013-10-04,42.27,42.67,42.07,42.6,1382321
2013-10-07,42.2,42.33,41.95,41.96,1353104
2013-10-08,42.0,42.07,41.42,41.53,2391365
2013-10-09,41.65,41.78,41.26,41.28,2861617
2013-10-10,41.76,42.12,41.39,41.98,2666488
2013-10-11,42.02,42.54,41.86,42.3,2031970
2013-10-14,42.0,42.11,41.76,42.04,1964549
2013-10-15,41.97,42.535,41.77,42.29,3091893
2013-10-16,42.59,43.03,42.55,42.97,2916839
2013-10-17,42.89,43.34,42.62,43.31,1637464
2013-10-18,43.5,43.91,43.28,43.5,2801458
2013-10-21,42.3,43.99,42.3,43.98,1417453
2013-10-22,44.11,44.23,43.44,43.89,2266588
2013-10-23,43.38,43.83,43.34,43.59,1855663
2013-10-24,44.05,44.68,43.92,44.61,2425809
2013-10-25,44.75,44.75,44.25,44.49,1388874
2013-10-28,44.05,44.37,43.77,44.1,2474387
2013-10-29,44.37,44.63,44.06,44.61,2246929
2013-10-30,44.59,44.72,44.01,44.2,1826937
2013-10-31,44.65,45.91,44.09,45.08,4457640
2013-11-01,45.22,45.77,45.125,45.71,2621608
2013-11-04,45.59,46.02,45.36,45.99,2560622
2013-11-05,45.57,45.97,45.44,45.85,2084058
2013-11-06,45.95,46.52,45.93,46.34,2871819
2013-11-07,46.42,46.42,45.385,45.43,2366192
2013-11-08,45.41,46.12,45.37,46.12,2028786
2013-11-11,45.97,46.49,45.67,46.1,2405917
2013-11-12,47.03,47.16,46.28,46.43,3261006
2013-11-13,46.29,46.71,46.17,46.675,2637978
2013-11-14,46.6,46.98,46.46,46.94,2266242
2013-11-15,46.95,47.58,46.95,47.02,15553453
2013-11-18,47.07,47.3,46.78,46.98,2949256
2013-11-19,46.84,46.89,46.02,46.33,2397891
2013-11-20,46.52,46.75,46.03,46.26,1947009
2013-11-21,46.49,47.13,46.27,46.91,1939848
2013-11-22,47.03,47.17,46.81,46.92,2379326
2013-11-25,46.83,47.05,46.53,46.63,1986109
2013-11-26,46.46,47.34,46.46,47.18,2135471
2013-11-27,47.2,47.295,46.88,46.93,1611982
2013-11-29,47.12,47.17,46.855,47.02,1346071
2013-12-02,47.0,47.02,46.37,46.5,2137635
2013-12-03,46.08,46.5,45.85,46.02,3432615
2013-12-04,45.44,46.18,45.25,45.91,2119831
2013-12-05,45.92,46.07,45.57,45.62,1914300
2013-12-06,46.64,46.7,45.96,46.23,1943155
2013-12-09,46.46,46.89,46.42,46.56,1537772
2013-12-10,46.61,46.73,46.45,46.57,1852739
2013-12-11,46.5,46.56,45.85,46.01,2474381
2013-12-12,45.92,46.34,45.83,46.02,1867716
2013-12-13,46.35,46.69,46.0,46.57,1956924
2013-12-16,46.795,47.45,46.61,47.085,2616648
2013-12-17,46.95,47.15,46.42,46.84,1783888
2013-12-18,46.88,47.9,46.52,47.87,1944744
2013-12-19,47.6,47.87,47.31,47.72,1550169
2013-12-20,47.965,48.32,47.87,48.15,3679129
2013-12-23,48.09,48.82,48.06,48.28,1087982
2013-12-24,48.05,48.69,48.05,48.67,692498
2013-12-26,49.71,49.84,48.59,48.91,1137818
2013-12-27,48.99,49.02,48.68,48.78,878262
2013-12-30,49.08,49.12,48.6,49.01,1200128
2013-12-31,49.0,49.435,49.0,49.351,1484119
2014-01-02,49.03,49.26,48.57,48.96,2127020
2014-01-03,49.0,49.17,48.64,48.65,1248205
2014-01-06,48.83,48.9,48.25,48.45,2163041
2014-01-07,48.65,49.13,48.48,48.66,1766264
2014-01-08,48.76,49.185,48.73,49.13,2036927
2014-01-09,49.13,49.21,48.81,48.99,1263920
2014-01-10,49.14,49.29,48.74,49.28,924549
2014-01-13,49.63,49.63,48.59,48.75,2818412
2014-01-14,48.78,49.43,48.565,49.34,1806532
2014-01-15,49.36,49.89,48.85,49.82,1942920
2014-01-16,49.89,50.6,49.525,50.565,4603162
2014-01-17,50.32,50.86,50.22,50.62,3094609
2014-01-21,51.44,51.5,50.76,50.79,3178990
2014-01-22,51.01,51.53,50.8,51.17,3421842
2014-01-23,50.61,51.16,50.32,50.58,2393977
2014-01-24,50.37,50.485,49.75,49.76,3347582
2014-01-27,49.75,50.68,48.9232,49.05,3031365
2014-01-28,49.12,49.965,49.0,49.7,1837375
2014-01-29,49.47,49.65,48.785,48.86,2277928
2014-01-30,49.18,49.49,49.015,49.305,1424910
2014-01-31,48.51,49.69,48.51,49.3,2103245
2014-02-03,49.45,49.52,47.35,47.47,3840884
2014-02-04,47.5,48.17,47.35,47.98,2472416
2014-02-05,47.94,47.995,47.21,47.89,2099797
2014-02-06,47.6,48.96,47.6,48.76,2017586
2014-02-07,49.02,49.35,48.73,49.24,1696195
2014-02-10,49.07,49.61,49.07,49.36,1144175
2014-02-11,49.35,50.0,49.28,49.69,1951395
2014-02-12,49.88,50.17,49.55,49.65,1911698
2014-02-13,49.36,50.2,49.02,50.11,2135949
2014-02-14,49.91,51.58,49.91,51.52,3114081
2014-02-18,51.52,51.74,51.07,51.38,2559756
2014-02-19,50.59,51.98,50.58,51.54,3160708
2014-02-20,50.57,51.84,50.52,51.79,3579253
2014-02-21,51.91,52.72,51.58,52.51,3231333
2014-02-24,52.52,53.97,52.52,53.47,3118668
2014-02-25,53.31,53.915,53.31,53.86,1949920
2014-02-26,53.89,54.24,53.23,53.44,2618251
2014-02-27,53.22,53.88,53.22,53.86,2088775
2014-02-28,53.9,54.405,53.61,54.23,2271591
2014-03-03,53.85,53.92,52.99,53.29,3223806
2014-03-04,53.71,54.01,53.49,53.83,2842498
2014-03-05,53.73,53.935,53.31,53.89,2315120
2014-03-06,53.9,54.8,53.9,54.6,2334672
2014-03-07,54.65,55.03,54.54,54.79,2638259
2014-03-10,54.52,54.91,53.88,54.19,1638070
2014-03-11,54.31,54.76,53.855,54.04,1456694
2014-03-12,53.67,54.07,53.4,54.03,1145013
2014-03-13,54.23,54.29,53.4,53.71,1908834
2014-03-14,53.57,54.28,53.54,53.88,2100506
2014-03-17,54.33,54.62,53.83,54.08,1942634
2014-03-18,54.06,54.52,54.01,54.42,1757603
2014-03-19,54.33,54.63,53.84,54.23,1340162
2014-03-20,53.97,54.45,53.69,53.995,1509699
2014-03-21,54.8,55.25,54.498,55.25,5579133
2014-03-24,55.41,55.81,54.77,55.151,3414802
2014-03-25,55.24,55.53,55.14,55.48,2996732
2014-03-26,55.7,56.15,55.38,55.58,5368036
2014-03-27,55.58,55.58,54.57,54.76,4149186
2014-03-28,54.76,55.66,54.76,55.44,3410535
2014-03-31,55.85,56.2,55.62,56.02,2800006
2014-04-01,56.43,56.99,56.32,56.93,2196068
2014-04-02,56.87,56.99,56.52,56.92,2592782
2014-04-03,57.11,57.15,56.36,56.59,2287646
2014-04-04,57.02,57.14,55.735,55.8,3727128
2014-04-07,55.65,56.185,55.3,55.8,3518533
2014-04-08,55.95,56.13,55.4,55.93,4702898
2014-04-09,56.24,56.93,56.07,56.67,2631814
2014-04-10,57.25,57.25,55.21,55.32,3540905
2014-04-11,55.15,55.87,55.0,55.3,2862091
2014-04-14,55.74,55.87,55.115,55.42,2055505
2014-04-15,55.49,56.13,55.0,56.1,2576339
2014-04-16,56.73,56.73,55.81,56.2,2002431
2014-04-17,56.56,56.58,56.12,56.25,1311655
2014-04-21,56.37,56.52,55.99,56.24,1149988
2014-04-22,56.17,57.12,56.17,57.05,1418507
2014-04-23,56.96,57.38,56.71,57.21,1663031
2014-04-24,57.5,57.85,57.29,57.63,2398411
2014-04-25,57.57,57.6525,57.06,57.23,2814116
2014-04-28,57.18,57.32,55.145,55.97,3803245
2014-04-29,56.2,56.68,55.83,56.62,2933522
2014-04-30,57.28,58.38,57.0,57.93,4419394
2014-05-01,57.87,58.57,57.84,58.55,3077810
2014-05-02,58.3,59.31,58.2046,59.09,3612234
2014-05-05,59.02,59.03,58.27,58.88,2025806
2014-05-06,58.88,58.9,57.97,58.0,2755971
2014-05-07,57.32,58.12,57.24,58.11,3219790
2014-05-08,58.17,58.665,57.61,57.89,1925564
2014-05-09,58.21,58.3,57.51,58.17,2412427
2014-05-12,58.53,59.54,58.498,59.22,1546189
2014-05-13,59.18,59.39,58.79,58.87,1862933
2014-05-14,58.88,58.97,58.43,58.58,1101558
2014-05-15,58.53,58.53,57.35,57.93,1504444
2014-05-16,57.94,58.36,57.73,58.35,1529366
2014-05-19,58.17,58.69,58.0,58.61,1247434
2014-05-20,58.39,58.9575,58.34,58.89,2163792
2014-05-21,58.38,58.92,58.34,58.76,2394495
2014-05-22,58.68,59.24,58.62,58.76,2293016
2014-05-23,58.98,59.33,58.815,59.26,1619223
2014-05-27,59.57,59.75,59.345,59.45,1897846
2014-05-28,59.44,59.57,59.2,59.44,1708674
2014-05-29,59.63,60.72,59.4,60.68,2784278
2014-05-30,60.88,61.73,60.75,61.62,3821565
2014-06-02,61.71,61.86,61.05,61.54,3493216
2014-06-03,61.5,61.53,61.15,61.49,2427165
2014-06-04,61.35,61.76,61.22,61.72,1874909
2014-06-05,61.95,62.36,61.57,62.31,1644613
2014-06-06,62.32,62.86,62.275,62.85,1525723
2014-06-09,62.57,63.14,62.5,62.82,1568605
2014-06-10,62.74,62.84,62.43,62.7,1972333
2014-06-11,61.72,61.975,61.45,61.77,2622217
2014-06-12,61.83,61.925,61.22,61.45,1702921
2014-06-13,61.5,61.64,61.0,61.38,1340796
2014-06-16,61.32,61.795,61.32,61.62,1239075
2014-06-17,61.51,62.565,61.36,62.45,1369535
2014-06-18,62.53,63.265,62.5,63.12,1791153
2014-06-19,62.31,63.37,62.31,63.37,1411464
2014-06-20,63.51,64.095,63.27,63.56,4750043
2014-06-23,63.37,63.85,63.33,63.79,1390162
2014-06-24,63.55,64.09,63.12,63.58,2818865
2014-06-25,63.55,63.63,63.22,63.43,2966359
2014-06-26,63.69,64.09,63.29,63.99,2031743
2014-06-27,63.89,64.247,63.72,63.98,2345518
2014-06-30,64.02,64.31,63.79,64.1,1135960
2014-07-01,64.32,64.76,64.18,64.67,1588369
2014-07-02,64.8,65.39,64.46,65.36,1815556
2014-07-03,65.26,65.73,65.23,65.56,963399
2014-07-07,65.5,65.88,65.36,65.87,1488158
2014-07-08,65.53,65.7001,64.73,64.92,2018593
2014-07-09,65.26,65.5,64.94,65.42,2219283
2014-07-10,64.55,65.81,64.55,65.57,2627555
2014-07-11,65.32,65.67,64.98,65.02,2136303
2014-07-14,65.41,65.86,65.13,65.32,1998847
2014-07-15,65.36,65.58,64.66,64.98,2346592
2014-07-16,65.14,65.28,64.62,64.72,1857252
2014-07-17,64.49,64.85,63.37,63.38,3033315
2014-07-18,63.78,64.99,63.6,64.9,1993224
2014-07-21,64.83,65.14,64.54,64.97,1565188
2014-07-22,65.37,66.32,65.35,66.11,2189712
2014-07-23,65.9,66.51,65.78,66.47,1705064
2014-07-24,66.4,67.08,66.13,66.83,3008283
2014-07-25,66.72,67.12,66.27,66.37,1424247
2014-07-28,66.48,67.07,66.02,66.17,2942996
2014-07-29,66.08,66.89,65.65,65.69,3228204
2014-07-30,66.22,66.47,64.36,65.41,3930702
2014-07-31,65.32,65.34,64.46,64.71,3291639
2014-08-01,64.79,65.27,64.32,64.88,2908535
2014-08-04,65.04,66.25,64.9,65.99,2675566
2014-08-05,65.75,65.9,64.77,64.91,2940608
2014-08-06,64.34,65.03,64.18,64.51,2358477
2014-08-07,64.86,65.49,64.12,64.24,2545705
2014-08-08,64.74,64.97,64.3,64.94,1774750
2014-08-11,65.66,65.92,65.0,65.72,1536013
2014-08-12,65.69,66.01,65.37,65.57,1585966
2014-08-13,65.82,66.66,65.2,66.55,1623050
2014-08-14,66.75,67.35,66.55,67.26,1685564
2014-08-15,67.66,67.69,67.03,67.37,2529057
2014-08-18,67.87,67.95,67.34,67.66,1750739
2014-08-19,67.63,68.27,67.57,68.13,1956656
2014-08-20,68.0,68.64,67.87,68.54,1377110
2014-08-21,68.57,68.735,68.33,68.44,1204564
2014-08-22,68.28,68.56,68.16,68.45,1084204
2014-08-25,68.64,68.94,68.565,68.76,1415394
2014-08-26,68.98,69.07,68.45,68.99,1147524
2014-08-27,69.04,69.21,68.78,68.88,1421409
2014-08-28,68.78,69.12,68.17,68.99,1382310
2014-08-29,69.33,69.49,68.85,69.4,1393069
2014-09-02,69.68,69.69,68.8,69.43,1833724
2014-09-03,69.6,70.2,69.44,70.0,2911502
2014-09-04,70.44,70.98,70.33,70.52,2832398
2014-09-05,70.21,70.83,70.21,70.83,2367345
2014-09-08,70.86,71.325,70.65,71.07,2313106
2014-09-09,71.0,71.295,70.715,70.78,1571254
2014-09-10,70.9,71.04,70.5,70.79,1789339
2014-09-11,70.82,71.53,70.51,71.395,2869095
2014-09-12,71.14,71.23,70.22,70.62,1640527
2014-09-15,70.54,70.91,70.45,70.71,1412947
2014-09-16,70.5,71.23,70.33,71.14,2199641
2014-09-17,71.28,72.09,71.21,71.73,1476694
2014-09-18,72.19,72.47,71.76,72.45,1677327
2014-09-19,72.98,73.28,72.04,72.19,3799097
2014-09-22,72.32,72.32,71.28,71.61,1961141
2014-09-23,71.49,71.8,70.9,70.92,1889175
2014-09-24,70.9,71.48,70.78,71.39,1213808
2014-09-25,71.37,71.665,70.46,70.52,1508110
2014-09-26,70.85,71.07,70.52,70.72,3139678
2014-09-29,70.27,70.69,69.97,70.44,1664570
2014-09-30,70.23,70.63,69.9,69.9,1989277
2014-10-01,69.56,69.58,67.34,67.94,4252139
2014-10-02,67.98,68.16,65.48,66.8,4099811
2014-10-03,67.16,68.27,67.04,68.1,3763646
2014-10-06,68.09,68.3858,67.09,67.325,2673392
2014-10-07,66.66,67.41,65.98,66.0,3238167
2014-10-08,65.87,66.34,65.34,66.17,5241594
2014-10-09,65.59,66.19,64.53,64.58,3565637
2014-10-10,64.4,64.74,63.12,63.55,4100541
2014-10-13,63.55,63.66,61.63,61.71,6500783
2014-10-14,62.11,63.88,62.06,62.55,5234692
2014-10-15,61.92,63.9,59.61,62.2,6844694
2014-10-16,60.72,63.549,60.66,62.79,2919156
2014-10-17,63.63,65.34,63.2301,65.01,3110287
2014-10-20,64.94,67.63,64.9,67.02,3737018
2014-10-21,67.58,68.7,67.3,68.42,2820828
2014-10-22,69.41,69.63,68.22,68.42,2353763
2014-10-23,69.0,70.0,68.34,68.43,3434765
2014-10-24,68.4,69.35,68.04,69.29,2363935
2014-10-27,69.3,70.4,69.01,70.26,2317505
2014-10-28,69.85,72.21,69.23,71.95,4551086
2014-10-29,74.0,75.19,72.09,74.03,4337285
2014-10-30,73.51,76.31,73.5,76.0,3342879
2014-10-31,77.99,77.99,75.21,75.75,3577333
2014-11-03,75.91,76.15,74.95,75.8,2427487
2014-11-04,75.4,75.59,74.32,74.57,3395824
2014-11-05,75.19,75.2,73.94,74.9,3106715
2014-11-06,75.07,75.34,74.44,75.25,2331726
2014-11-07,75.33,75.55,74.96,75.5,1803203
2014-11-10,75.5195,76.665,75.3275,76.56,1434640
2014-11-11,76.8,77.28,76.56,77.14,1463009
2014-11-12,76.58,77.5,76.38,77.3,1318137
2014-11-13,77.38,78.25,77.33,78.09,1443264
2014-11-14,78.09,78.39,77.71,77.96,1456696
2014-11-17,77.1,77.74,76.7676,77.17,2517627
2014-11-18,76.89,77.22,76.51,76.94,2442920
2014-11-19,76.98,77.35,76.315,76.38,1783370
2014-11-20,76.37,76.41,75.34,75.89,2324712
2014-11-21,76.81,77.0499,75.91,75.98,2211314
2014-11-24,76.47,77.23,76.47,76.97,2092518
2014-11-25,77.02,77.2999,76.44,77.04,4748047
2014-11-26,76.82,77.65,76.77,77.48,1010889
2014-11-28,78.33,79.21,78.153,78.79,981154
2014-12-01,78.5,78.79,77.37,77.45,1903114
2014-12-02,77.73,78.19,77.4,77.45,2659920
2014-12-03,77.5,78.49,77.2001,78.14,1400330
2014-12-04,78.0,79.0,77.45,77.94,1499062
2014-12-05,78.06,79.189,77.97,78.99,1598708
2014-12-08,79.01,79.252,78.5,78.99,1465255
2014-12-09,78.08,78.52,77.5,78.37,1669591
2014-12-10,78.3,78.46,77.33,77.48,1657700
2014-12-11,78.58,78.78,77.2501,77.62,1427903
2014-12-12,77.07,77.92,76.71,76.76,1570449
2014-12-15,77.5,78.29,76.27,77.57,2646255
2014-12-16,77.84,77.93,76.22,76.28,3317507
2014-12-17,76.29,77.075,75.62,76.74,2353695
2014-12-18,77.64,77.8799,76.91,77.35,2353380
2014-12-19,77.33,77.97,76.98,77.43,4492382
2014-12-22,77.41,78.61,77.35,78.46,1266709
2014-12-23,78.75,79.03,78.344,78.54,1581647
2014-12-24,78.09,78.57,77.86,78.35,736860
2014-12-26,78.67,78.99,78.52,78.695,891538
2014-12-29,78.72,79.2488,78.16,79.08,1115719
2014-12-30,78.72,79.22,78.05,78.295,1184589
2014-12-31,78.67,79.249,77.98,78.03,1428801
2015-01-02,78.34,78.56,76.709,77.75,1278232
2015-01-05,77.64,77.74,75.32,75.62,2036204
2015-01-06,75.47,75.6,73.91,74.67,2561002
2015-01-07,75.48,76.57,74.99,76.38,1979431
2015-01-08,76.8,79.03,76.38,78.91,2396083
2015-01-09,78.79,79.09,77.99,78.73,2350882
2015-01-12,78.88,79.0,77.63,77.905,1715747
2015-01-13,78.84,79.61,77.17,77.42,2505961
2015-01-14,76.22,77.017,75.47,76.57,1902261
2015-01-15,76.69,77.73,76.01,76.1,1787308
2015-01-16,76.0,76.19,75.28,75.89,3146475
2015-01-20,76.71,76.92,75.51,76.32,1618249
2015-01-21,75.97,77.09,75.94,76.26,1658133
2015-01-22,76.68,78.73,76.36,78.48,2106205
2015-01-23,78.66,78.85,77.93,78.51,1630979
2015-01-26,78.65,79.45,78.49,79.415,1373830
2015-01-27,78.69,79.33,78.17,78.61,1274421
2015-01-28,78.47,78.63,76.81,76.9,2304477
2015-01-29,76.8,77.46,76.02,77.11,2246978
2015-01-30,76.45,76.54,74.43,74.5,3178101
2015-02-02,74.28,74.98,73.38,74.8,3253477
2015-02-03,74.98,76.73,74.71,76.63,2757573
2015-02-04,75.83,76.89,75.46,75.94,2261605
2015-02-05,75.91,76.3,75.29,75.7,2541300
2015-02-06,75.78,76.26,73.61,74.22,3403432
2015-02-09,73.32,73.91,72.77,73.385,2465762
2015-02-10,74.38,77.44,74.38,77.23,3532364
2015-02-11,77.13,77.65,76.47,77.02,1938631
2015-02-12,77.57,79.23,77.13,79.02,2179281
2015-02-13,79.09,79.46,78.52,79.395,1786014
2015-02-17,79.44,81.32,78.76,81.29,3033502
2015-02-18,80.22,81.62,80.035,81.45,3480355
2015-02-19,83.78,84.768,81.85,83.1,3927430
2015-02-20,83.18,83.18,82.0534,83.0,1786706
2015-02-23,82.75,83.0,82.34,82.95,1837592
2015-02-24,82.73,82.96,82.05,82.245,1361028
2015-02-25,82.22,82.84,82.0,82.36,1344296
2015-02-26,82.16,83.27,82.16,83.22,1430105
2015-02-27,83.31,83.6199,82.7,83.1,2035097
2015-03-02,83.35,84.87,83.12,84.83,2349680
2015-03-03,84.79,84.93,83.52,83.91,1568481
2015-03-04,83.55,83.7,82.78,83.15,1097606
2015-03-05,83.29,83.72,82.79,82.9,1190104
2015-03-06,82.51,82.9,81.32,81.52,1667131
2015-03-09,81.44,82.54,81.37,82.48,1913544
2015-03-10,81.77,81.77,80.81,81.26,1927035
2015-03-11,80.99,81.86,80.91,81.07,1284168
2015-03-12,81.63,83.0,81.63,82.8,1599086
2015-03-13,82.52,82.89,81.52,82.08,1374593
2015-03-16,82.61,83.72,82.36,83.49,1163880
2015-03-17,83.4,83.4,82.25,82.44,1373060
2015-03-18,82.27,83.47,81.515,83.23,1676476
2015-03-19,83.33,84.42,83.07,84.31,1486559
2015-03-20,85.0,85.0,83.67,84.04,3230437
2015-03-23,84.06,84.98,83.72,84.27,2047276
2015-03-24,83.97,84.0156,82.21,82.25,2108740
2015-03-25,81.86,81.9829,79.78,79.79,3328888
2015-03-26,79.23,81.07,78.58,80.575,3163925
2015-03-27,80.46,81.4,80.29,80.82,1777567
2015-03-30,81.32,81.81,81.16,81.5,1083321
2015-03-31,81.29,81.72,80.17,80.32,1920806
2015-04-01,80.42,80.42,79.1201,80.33,1364255
2015-04-02,80.31,80.93,79.95,80.15,1143127
2015-04-06,79.43,80.56,79.04,80.28,1799430
2015-04-07,80.1,80.24,79.13,79.15,2416275
2015-04-08,79.47,80.86,79.34,80.185,2202791
2015-04-09,80.01,80.58,79.41,80.225,1095926
2015-04-10,80.35,80.67,80.06,80.32,851023
2015-04-13,80.19,80.78,79.84,80.21,1027051
2015-04-14,79.86,80.22,79.03,79.26,1653799
2015-04-15,79.43,79.96,78.85,78.96,1381282
2015-04-16,78.55,79.29,78.4,78.51,1711162
2015-04-17,77.92,78.32,77.15,77.64,2927673
2015-04-20,77.99,79.93,77.72,79.77,3587604
2015-04-21,80.09,80.75,79.53,80.47,2344305
2015-04-22,81.05,81.2,80.12,80.785,1572044
2015-04-23,80.46,81.93,80.23,81.35,1236693
2015-04-24,81.59,81.99,81.1,81.84,1131871
2015-04-27,81.78,83.07,81.28,81.37,2220702
2015-04-28,81.21,81.82,80.086,81.32,1804031
2015-04-29,82.42,84.33,82.06,83.87,5530237
2015-04-30,82.3,82.71,79.18,80.05,5499457
2015-05-01,80.65,81.83,80.39,80.965,1877684
2015-05-04,81.01,81.28,80.06,80.51,1678454
2015-05-05,80.28,80.31,78.18,78.21,2694137
2015-05-06,78.35,79.42,77.91,78.82,2273600
2015-05-07,78.78,79.46,78.33,78.48,2587234
2015-05-08,79.4,80.87,79.24,80.3,1865621
2015-05-11,80.15,80.44,79.59,79.72,1853089
2015-05-12,79.15,79.75,78.614,79.16,1247191
2015-05-13,78.94,79.81,78.51,78.68,1647188
2015-05-14,79.37,80.69,79.22,80.575,1847384
2015-05-15,80.93,81.5,80.3,80.9,1965826
2015-05-18,80.65,81.55,80.65,81.23,1416399
2015-05-19,81.18,81.5158,80.675,80.9,1553483
2015-05-20,80.92,81.53,79.75,80.66,1246581
2015-05-21,80.36,80.82,80.03,80.47,1330448
2015-05-22,80.39,80.76,79.57,80.15,934857
2015-05-26,80.14,80.23,78.52,78.71,1210194
2015-05-27,79.02,79.68,78.78,79.2,1530557
2015-05-28,79.12,79.21,78.34,79.03,1308389
2015-05-29,79.32,79.47,77.8202,77.99,2532166
2015-06-01,78.2,78.75,77.365,77.97,1928288
2015-06-02,77.74,78.68,77.6,78.43,1378320
2015-06-03,78.87,79.875,78.56,79.38,1677759
2015-06-04,78.85,79.41,78.32,78.48,1515010
2015-06-05,78.24,78.67,77.8,78.38,838033
2015-06-08,78.07,78.21,76.89,76.96,2038208
2015-06-09,76.84,77.49,76.58,77.32,1205525
2015-06-10,77.47,78.13,77.23,77.23,1344543
2015-06-11,77.41,77.52,76.63,77.27,2253878
2015-06-12,76.95,77.36,76.4,76.63,2104479
2015-06-15,76.05,77.19,75.86,77.02,1754352
2015-06-16,76.71,77.25,76.57,76.73,1463707
2015-06-17,76.75,77.11,76.02,77.02,1546672
2015-06-18,77.37,78.5,77.36,78.15,1506863
2015-06-19,78.13,78.27,77.59,77.64,1810696
2015-06-22,78.0,78.39,77.8,77.91,1312289
2015-06-23,77.8,77.99,77.3215,77.59,1212255
2015-06-24,77.57,77.615,76.24,76.37,2098444
2015-06-25,76.44,76.86,76.1,76.165,1335671
2015-06-26,76.54,76.79,75.88,76.02,3597100
2015-06-29,75.24,75.5,73.77,73.83,2026906
2015-06-30,74.46,75.09,73.95,74.39,1828769
2015-07-01,75.22,75.42,74.57,74.99,1854777
2015-07-02,75.06,75.28,74.5,74.8,1227494
2015-07-06,74.06,74.77,73.84,74.31,1700134
2015-07-07,74.31,75.52,73.36,75.44,2767958
2015-07-08,74.68,74.95,73.9,73.96,2016157
2015-07-09,75.22,75.66,74.17,74.18,1599201
2015-07-10,75.23,76.19,74.59,75.97,1416825
2015-07-13,76.76,77.38,76.52,76.98,1756049
2015-07-14,76.6,77.66,76.6,77.26,1214121
2015-07-15,77.14,78.02,76.9,77.36,1637158
2015-07-16,77.67,78.76,77.67,78.25,1756531
2015-07-17,77.0,78.28,77.0,77.7,1715662
2015-07-20,77.74,78.2598,77.68,77.83,1275982
2015-07-21,78.11,78.11,76.39,76.6,2271065
2015-07-22,76.54,77.17,76.24,76.93,1601871
2015-07-23,76.92,76.92,74.04,74.62,3260923
2015-07-24,74.8,74.81,73.31,74.02,2747325
2015-07-27,73.54,74.4,72.92,73.9,2378017
2015-07-28,74.19,75.64,74.03,74.59,2632464
2015-07-29,74.8,77.37,74.78,77.0,3417864
2015-07-30,76.0,76.13,72.15,72.64,6515290
2015-07-31,73.85,73.88,71.89,72.61,3438888
2015-08-03,72.16,72.91,71.94,72.57,2314231
2015-08-04,72.6,72.6,71.88,72.22,1862069
2015-08-05,73.08,73.4,70.44,70.7,4158501
2015-08-06,70.97,71.08,70.07,70.93,3782408
2015-08-07,70.93,71.47,70.07,71.37,2691997
2015-08-10,72.15,72.71,71.86,72.55,1788334
2015-08-11,72.03,72.5,71.68,72.14,1926858
2015-08-12,71.13,72.4,70.26,72.27,2758040
2015-08-13,71.81,72.75,71.61,72.3,1533131
2015-08-14,72.25,72.4,71.44,71.85,1351959
2015-08-17,71.6,73.23,71.44,72.94,1294439
2015-08-18,72.91,72.91,72.23,72.38,1073479
2015-08-19,71.96,72.54,71.42,71.91,1959253
2015-08-20,71.25,71.25,69.92,70.0,2783508
2015-08-21,69.25,70.32,68.87,69.33,4273972
2015-08-24,65.22,68.99,63.95,66.69,5148672
2015-08-25,68.66,68.98,66.49,66.56,4214808
2015-08-26,68.26,69.99,67.355,69.92,4359955
2015-08-27,70.45,71.13,69.7,71.11,2248147
2015-08-28,70.72,71.62,70.63,71.58,1532885
2015-08-31,71.16,71.17,70.34,70.66,2022297
2015-09-01,68.679,69.61,68.66,69.09,3162358
2015-09-02,70.32,71.21,69.81,70.92,2373319
2015-09-03,71.09,72.16,70.67,71.07,1609859
2015-09-04,69.97,70.95,69.8,70.02,1525856
2015-09-08,71.33,72.48,70.69,72.42,2288011
2015-09-09,72.7,73.16,71.03,71.19,1768182
2015-09-10,71.1,72.46,70.87,72.27,1603519
2015-09-11,71.72,73.03,71.61,73.01,1560146
2015-09-14,72.94,73.22,72.36,72.99,1706849
2015-09-15,73.07,73.07,70.87,72.24,3177509
2015-09-16,72.52,72.91,72.03,72.79,1895089
2015-09-17,72.87,73.34,72.01,72.16,2191298
2015-09-18,70.86,70.86,69.06,69.68,7963761
2015-09-21,70.2,70.8,69.79,70.22,1980367
2015-09-22,68.84,69.33,67.58,68.05,3300485
2015-09-23,68.38,68.448,67.57,67.72,1372263
2015-09-24,68.98,68.98,67.78,68.2,2964511
2015-09-25,68.59,69.52,68.04,68.5,2271303
2015-09-28,67.73,67.97,66.04,66.17,2546960
2015-09-29,66.19,66.63,65.31,65.44,3576136
2015-09-30,66.11,68.37,65.76,68.2,3575871
2015-10-01,68.39,70.16,68.25,70.11,3393917
2015-10-02,69.1,71.49,68.84,71.46,2747563
2015-10-05,71.81,72.91,70.6,72.76,2093468
2015-10-06,72.35,72.96,71.76,71.91,2546028
2015-10-07,72.05,74.19,72.01,74.17,2404954
2015-10-08,73.9,76.9,73.81,76.56,3493699
2015-10-09,76.65,77.0,75.6,76.47,2005614
2015-10-12,76.51,76.9,75.98,76.41,1516393
2015-10-13,75.37,76.4,74.8,75.28,2906008
2015-10-14,75.2,75.59,73.98,74.17,2326161
2015-10-15,74.75,75.0,73.18,74.84,1858000
2015-10-16,74.7,74.7,73.48,73.83,2752345
2015-10-19,73.62,74.46,73.09,73.38,2426646
2015-10-20,74.35,75.39,74.16,74.89,1772207
2015-10-21,74.85,75.5,73.779,73.85,1541149
2015-10-22,74.52,77.335,74.33,76.87,3513416
2015-10-23,75.94,76.19,74.4,75.295,4878209
2015-10-26,75.34,77.0,74.88,76.61,2077174
2015-10-27,76.6,79.03,76.18,77.99,4426495
2015-10-28,79.56,79.88,75.29,76.89,5223610
2015-10-29,74.41,77.16,73.83,76.98,3884676
2015-10-30,77.33,77.88,76.65,76.78,2559604
2015-11-02,77.0,77.9,76.74,77.46,1605742
2015-11-03,77.26,77.56,75.92,76.71,1930517
2015-11-04,76.84,77.0891,76.28,77.02,1352461
2015-11-05,77.06,77.45,76.1001,76.72,1214129
2015-11-06,76.76,77.34,76.15,76.68,1395445
2015-11-09,76.54,76.6699,74.436,75.76,1237491
2015-11-10,75.72,76.64,75.44,76.52,1022611
2015-11-11,76.7,76.83,75.39,75.46,1261539
2015-11-12,75.5,75.5,74.45,74.52,1272937
2015-11-13,74.13,74.48,72.69,72.74,1635709
2015-11-16,71.58,74.53,70.43,73.72,13409115
2015-11-17,74.37,74.45,72.55,72.77,7667309
2015-11-18,71.593,73.44,70.8,72.23,5273769
2015-11-19,72.4,72.685,71.58,72.57,3243330
2015-11-20,72.98,73.0389,71.9,72.31,2331193
2015-11-23,72.31,73.0999,72.2,72.4,2274852
2015-11-24,71.1,71.68,69.93,70.98,4296187
2015-11-25,71.25,72.08,71.05,71.84,2248105
2015-11-27,71.65,71.92,71.37,71.48,642661
2015-11-30,71.38,71.4,69.89,70.91,3118704
2015-12-01,71.51,72.38,71.07,72.26,2562171
2015-12-02,72.08,72.68,71.52,71.69,2827300
2015-12-03,71.75,71.88,68.55,68.78,3219139
2015-12-04,70.49,71.09,69.24,71.04,3475179
2015-12-07,70.75,71.0,69.15,69.5,3073427
2015-12-08,69.28,69.91,68.48,69.58,2449216
2015-12-09,69.08,70.015,67.5673,68.02,2904901
2015-12-10,68.73,68.91,67.87,68.23,1956764
2015-12-11,67.12,67.835,66.71,66.85,2137818
2015-12-14,66.78,67.21,65.55,66.43,3154515
2015-12-15,67.07,67.16,66.02,66.62,3123609
2015-12-16,67.16,68.1,65.93,67.16,3480292
2015-12-17,67.36,67.83,66.01,66.03,2410477
2015-12-18,65.89,66.54,64.64,65.11,4835457
2015-12-21,65.37,65.92,64.99,65.17,2204944
2015-12-22,65.76,68.91,65.255,68.49,5676555
2015-12-23,68.31,69.0,67.92,68.85,2263551
2015-12-24,68.86,69.3,68.55,68.77,789895
2015-12-28,68.0,68.96,68.0,68.85,1459767
2015-12-29,69.09,69.28,68.37,68.75,1910609
2015-12-30,68.84,68.96,67.86,68.02,1512157
2015-12-31,67.99,68.21,67.04,67.04,1940968
2016-01-04,65.93,66.2,64.975,65.38,3896773
2016-01-05,65.48,66.03,65.23,65.59,2699060
2016-01-06,64.47,64.68,62.53,63.62,4167145
2016-01-07,62.27,63.13,61.68,61.82,6444904
2016-01-08,62.36,63.81,62.01,62.65,4510253
2016-01-11,63.15,63.5,62.12,63.16,4568680
2016-01-12,63.22,64.5,63.17,64.32,4915297
2016-01-13,63.83,64.03,60.13,60.27,5439902
2016-01-14,60.21,62.12,58.92,60.74,7422364
2016-01-15,59.02,60.15,58.33,59.55,8356897
2016-01-19,60.44,60.5,57.62,58.38,5210162
2016-01-20,57.63,60.6,56.43,59.81,8220042
2016-01-21,59.75,62.56,59.15,61.65,6132939
2016-01-22,62.58,63.61,61.61,62.46,4769659
2016-01-25,62.4,62.4,59.995,60.12,3217052
2016-01-26,60.71,62.06,60.28,61.94,3255378
2016-01-27,61.81,62.45,60.01,60.64,4011844
2016-01-28,61.27,61.635,58.8,59.21,4650618
2016-01-29,59.89,61.307,59.37,61.28,3164255
2016-02-01,60.32,61.8999,60.01,61.42,3489433
2016-02-02,60.4,60.76,58.99,59.07,3926622
2016-02-03,59.16,59.73,57.69,59.39,3559903
2016-02-04,59.28,60.9,58.89,60.71,4327740
2016-02-05,60.68,60.71,59.13,60.01,3671515
2016-02-08,59.59,59.8,57.89,59.44,5113812
2016-02-09,59.0,61.63,59.0,60.77,5188011
2016-02-10,61.63,62.84,61.18,61.38,3575455
2016-02-11,60.5,62.18,60.1,61.59,4790290
2016-02-12,62.06,63.89,61.63,63.8,3706097
2016-02-16,64.27,65.545,63.98,65.06,5424198
2016-02-17,65.74,67.88,65.65,66.68,4875851
2016-02-18,64.1,65.68,64.0,64.94,7950707
2016-02-19,64.5,65.81,64.25,65.71,3595718
2016-02-22,66.21,67.53,66.18,66.79,5341350
2016-02-23,66.51,66.86,66.05,66.27,3012261
2016-02-24,65.64,67.26,65.03,67.03,3740715
2016-02-25,67.56,68.33,66.775,68.3,4231870
2016-02-26,68.97,69.0,67.8,68.15,2961080
2016-02-29,68.33,68.85,67.68,68.15,3687830
2016-03-01,68.33,69.18,68.28,68.93,3416008
2016-03-02,68.57,69.0,68.14,68.83,2732984
2016-03-03,68.57,69.005,68.06,68.68,2341004
2016-03-04,68.8,69.28,68.4,68.98,1824062
2016-03-07,68.51,69.54,68.352,69.54,2741876
2016-03-08,68.9,69.45,68.18,68.41,4281700
2016-03-09,68.74,68.77,68.09,68.59,2283896
2016-03-10,68.74,69.145,66.72,67.96,2281313
2016-03-11,68.97,69.17,68.395,68.89,1878072
2016-03-14,71.05,71.3,69.94,70.93,8939959
2016-03-15,70.06,71.03,70.01,70.41,4007640
2016-03-16,69.98,71.69,69.8451,71.24,3375369
2016-03-17,70.98,71.82,70.54,71.8,4545453
2016-03-18,72.61,73.89,72.25,73.16,13517982
2016-03-21,72.56,72.85,71.82,72.3,13663931
2016-03-22,70.89,71.28,69.99,70.92,7179809
2016-03-23,70.55,70.83,69.19,69.6,7101006
2016-03-24,69.02,69.72,68.37,68.64,5621469
2016-03-28,70.0989,71.84,70.0,71.34,6831147
2016-03-29,70.98,71.45,70.66,70.7,4708903
2016-03-30,71.4,71.77,70.43,71.55,2362699
2016-03-31,71.59,71.815,71.02,71.18,3197594
2016-04-01,67.48,68.07,66.5,67.13,18138784
2016-04-04,67.13,67.36,66.16,66.36,5516076
2016-04-05,65.88,66.09,65.26,65.84,5774377
2016-04-06,66.07,66.31,65.44,66.14,3507420
2016-04-07,65.89,66.03,65.105,65.53,4207706
2016-04-08,66.0,66.625,65.739,66.57,9371965
2016-04-11,66.75,68.07,66.66,67.12,6511185
2016-04-12,67.13,67.575,66.9,67.34,3384541
2016-04-13,67.88,67.99,67.38,67.63,3471627
2016-04-14,67.65,68.15,67.26,67.84,4323009
2016-04-15,67.89,68.58,67.77,67.92,4419179
2016-04-18,67.79,67.81,66.675,67.54,4991865
2016-04-19,67.62,68.83,67.38,67.81,5439086
2016-04-20,67.19,68.4,66.87,67.86,5106318
2016-04-21,67.73,69.25,67.73,68.23,4476914
2016-04-22,68.23,68.32,65.56,66.54,5370814
2016-04-25,66.75,67.08,66.41,66.98,3443772
2016-04-26,67.4,67.51,66.5,67.0,4443886
2016-04-27,67.05,68.905,67.01,68.68,6193846
2016-04-28,67.63,70.75,67.56,69.24,7220932
2016-04-29,68.98,70.43,68.64,70.09,6485377
2016-05-02,70.33,70.47,69.54,70.04,4573523
2016-05-03,69.65,70.39,69.13,70.1,4665471
2016-05-04,69.46,69.82,68.77,69.23,4332499
2016-05-05,69.45,69.835,69.04,69.27,3037311
2016-05-06,69.01,69.48,68.35,69.22,1872160
2016-05-09,69.4,69.54,68.69,69.13,2320682
2016-05-10,69.19,70.46,68.65,70.46,6235855
2016-05-11,70.32,70.32,68.75,68.92,2657888
2016-05-12,69.34,69.4889,67.44,67.97,2574462
2016-05-13,67.71,68.45,66.31,66.88,3808248
2016-05-16,66.88,68.16,66.64,67.71,2647845
2016-05-17,67.71,68.41,67.01,67.255,2726001
2016-05-18,67.0,67.27,65.12,65.71,4547354
2016-05-19,65.14,65.25,64.11,64.97,3530976
2016-05-20,64.78,65.37,64.7,64.98,3008238
2016-05-23,65.02,65.12,64.485,64.86,1998368
2016-05-24,65.17,65.61,64.87,65.37,2271611
2016-05-25,65.37,66.34,65.16,66.2,2750526
2016-05-26,66.18,66.19,65.37,65.56,1979593
2016-05-27,65.76,66.34,65.58,66.31,1619212
2016-05-31,66.34,66.69,65.91,66.04,2373570
2016-06-01,66.225,67.29,65.67,67.15,3899518
2016-06-02,66.79,68.81,66.63,68.52,3879539
2016-06-03,67.88,68.4,67.0,68.03,2902373
2016-06-06,68.04,68.25,67.54,67.85,1827932
2016-06-07,68.07,68.15,67.21,67.31,2302815
2016-06-08,67.48,67.88,66.32,67.56,3493352
2016-06-09,67.14,67.42,66.6701,67.22,2551760
2016-06-10,66.42,66.69,66.07,66.49,2553068
2016-06-13,66.35,67.0,65.94,65.96,2872612
2016-06-14,65.61,65.99,64.97,65.38,3359195
2016-06-15,65.46,66.73,65.41,65.72,2933845
2016-06-16,65.48,65.74,64.33,65.59,2741022
2016-06-17,65.58,66.59,65.51,66.47,3229474
2016-06-20,67.16,68.46,67.058,67.84,3090967
2016-06-21,67.73,67.83,67.13,67.71,2429216
2016-06-22,67.89,68.42,67.42,67.75,3592161
2016-06-23,68.39,68.99,68.04,68.95,2472694
2016-06-24,66.36,67.34,63.84,63.91,6184359
2016-06-27,63.31,63.815,60.87,61.21,6497575
2016-06-28,62.17,62.73,61.65,62.59,4016510
2016-06-29,63.19,65.34,63.17,64.9,4200026
2016-06-30,65.68,66.75,64.88,66.46,4329573
2016-07-01,66.39,67.9,66.09,67.79,3340981
2016-07-05,67.84,67.95,66.76,67.09,3093813
2016-07-06,66.7,67.95,66.31,67.85,2899572
2016-07-07,67.98,68.71,67.4,68.36,2918486
2016-07-08,68.99,70.035,68.8425,69.85,3686885
2016-07-11,69.85,70.27,69.62,70.12,3283092
2016-07-12,70.47,71.5,70.45,71.26,3910716
2016-07-13,71.53,71.55,69.58,70.12,3413861
2016-07-14,70.9,71.0,70.34,70.45,2274519
2016-07-15,70.42,70.56,69.28,70.2,1838457
2016-07-18,70.19,70.755,69.99,70.39,2061747
2016-07-19,69.9,70.17,69.39,70.15,3060916
2016-07-20,70.21,70.43,69.74,69.87,1916222
2016-07-21,69.62,70.47,69.46,70.38,2579299
2016-07-22,70.3,71.12,70.05,70.99,1838234
2016-07-25,70.92,71.35,70.66,71.21,2790276
2016-07-26,71.11,71.725,70.7,71.67,2531742
2016-07-27,71.05,71.1799,69.72,70.54,4010595
2016-07-28,69.52,71.64,69.0,71.53,3653441
2016-07-29,71.32,71.85,70.89,71.7,2408302
2016-08-01,71.49,71.74,70.73,71.19,2235727
2016-08-02,71.19,71.21,69.675,70.59,2514777
2016-08-03,70.44,71.4,70.15,71.31,2888987
2016-08-04,71.29,72.24,70.6101,72.21,1974531
2016-08-05,72.69,73.14,72.31,72.71,1846302
2016-08-08,72.99,73.23,72.31,72.54,3782583
2016-08-09,72.63,72.98,71.74,71.85,2639751
2016-08-10,72.03,72.53,71.52,71.86,2342215
2016-08-11,71.98,72.35,71.64,72.1,1350119
2016-08-12,71.4,72.55,71.3,71.94,1784759
2016-08-15,72.09,73.14,72.02,72.88,2030532
2016-08-16,72.94,73.11,72.42,72.78,2439371
2016-08-17,72.93,73.07,72.28,73.01,1712657
2016-08-18,72.95,73.26,72.311,72.96,1063140
2016-08-19,72.63,73.99,72.34,73.97,2353761
2016-08-22,73.66,73.91,72.62,73.01,4737869
2016-08-23,73.43,73.44,72.98,73.13,1735186
2016-08-24,72.97,73.27,72.33,72.48,1459877
2016-08-25,72.45,73.11,72.3,73.03,3013834
2016-08-26,73.31,73.59,72.55,72.8,2270336
2016-08-29,72.88,73.82,72.88,73.08,1957671
2016-08-30,73.24,73.25,72.19,72.33,2326699
2016-08-31,72.18,72.5,71.32,71.33,2337346
2016-09-01,71.4,71.95,70.88,71.13,3145830
2016-09-02,71.39,71.77,70.55,70.96,2568519
2016-09-06,70.92,71.1,69.96,70.09,2265356
2016-09-07,70.45,70.6,70.01,70.4,1781760
2016-09-08,70.51,70.51,69.88,70.03,1880610
2016-09-09,70.02,70.15,67.05,67.16,3883030
2016-09-12,66.69,68.96,66.54,68.82,3153073
2016-09-13,68.21,69.05,67.86,68.41,4196001
2016-09-14,68.21,69.16,67.445,68.49,4325816
2016-09-15,68.51,69.5,68.13,69.29,3281501
2016-09-16,69.07,69.12,68.12,68.69,3271078
2016-09-19,68.99,69.38,67.95,68.34,1795108
2016-09-20,68.91,70.99,68.66,69.94,11410295
2016-09-21,69.8,70.34,69.24,70.14,15921371
2016-09-22,70.54,70.73,69.51,69.75,17562130
2016-09-23,69.36,69.44,68.095,68.44,11920833
2016-09-26,69.2,69.23,67.01,67.15,5063835
2016-09-27,67.2,67.92,66.955,67.05,4869165
2016-09-28,67.04,67.44,66.7,67.38,4599161
2016-09-29,67.21,68.09,66.98,67.1,3182593
2016-09-30,67.4,67.74,66.95,67.33,6088174
2016-10-03,67.34,67.78,67.29,67.45,2599447
2016-10-04,67.33,67.44,66.875,67.11,2749182
2016-10-05,67.21,67.69,67.12,67.47,2556207
2016-10-06,67.35,67.64,66.84,67.51,2265375
2016-10-07,67.49,67.85,66.74,67.14,2879741
2016-10-10,67.55,68.06,67.37,67.39,1979212
2016-10-11,67.12,67.46,66.16,66.61,6718126
2016-10-12,66.6,67.07,66.43,66.91,2186103
2016-10-13,66.34,67.34,66.06,67.27,3456877
2016-10-14,67.43,67.87,67.01,67.45,2654825
2016-10-17,67.35,67.76,66.84,66.92,1631804
2016-10-18,67.72,68.07,67.23,67.83,3016822
2016-10-19,67.95,68.25,67.74,67.96,1631920
2016-10-20,67.75,67.85,66.79,67.4,2068535
2016-10-21,67.06,67.51,66.59,67.14,1855365
2016-10-24,67.75,68.47,67.36,67.38,2610333
2016-10-25,67.36,67.51,67.0,67.21,2038199
2016-10-26,66.48,66.99,65.91,66.69,3820806
2016-10-27,66.7,66.96,66.21,66.92,2307480
2016-10-28,66.98,67.88,66.69,67.44,1992970
2016-10-31,67.72,68.96,67.72,68.7,2697757
2016-11-01,68.68,69.0,67.74,68.32,3147206
2016-11-02,68.4,69.27,68.025,68.4,2920162
2016-11-03,68.58,69.4,68.4,69.24,3204001
2016-11-04,68.68,70.6,68.68,69.61,4147469
2016-11-07,70.66,71.18,70.28,71.1,3578114
2016-11-08,70.0,73.64,69.04,73.02,7883410
2016-11-09,71.16,74.28,71.0,74.08,5023477
2016-11-10,74.52,75.09,73.22,73.42,5273772
2016-11-11,73.15,73.865,72.75,73.39,2986783
2016-11-14,73.5,77.81,73.46,77.24,7313004
2016-11-15,77.0,77.85,76.74,77.71,3863390
2016-11-16,77.39,78.18,77.28,77.57,2747674
2016-11-17,77.51,78.03,77.23,77.47,2295150
2016-11-18,77.42,77.64,77.04,77.14,1647256
2016-11-21,77.04,77.82,76.88,77.29,2605628
2016-11-22,77.38,77.98,77.16,77.85,2706277
2016-11-23,77.6,78.12,77.33,78.08,1817793
2016-11-25,78.1,78.9,77.26,78.52,1059567
2016-11-28,77.55,78.52,77.03,78.07,3418691
2016-11-29,78.09,79.58,78.09,79.11,3428458
2016-11-30,79.07,79.385,78.03,78.78,3540334
2016-12-01,78.47,80.29,78.47,79.82,4127057
2016-12-02,79.18,80.27,78.79,79.2,2769256
2016-12-05,80.51,81.25,80.04,81.0,3507974
2016-12-06,81.0,82.1,80.67,82.08,2907256
2016-12-07,82.12,84.27,81.86,83.92,3964702
2016-12-08,84.08,84.59,83.145,83.49,4059350
2016-12-09,83.98,83.98,83.07,83.55,2386292
2016-12-12,83.43,83.98,82.76,83.91,2086086
2016-12-13,84.0,84.96,83.865,84.4,2501759
2016-12-14,84.55,85.05,83.76,83.94,2011967
2016-12-15,84.43,85.347,83.92,84.33,3305853
2016-12-16,84.89,86.15,84.3,86.05,9997190
2016-12-19,85.75,86.0,84.71,84.86,3139154
2016-12-20,85.27,85.77,84.8075,85.1,2637570
2016-12-21,85.07,85.45,84.75,84.85,1818333
2016-12-22,84.97,85.0,83.33,83.73,2575115
2016-12-23,83.73,84.17,83.6,84.09,2316857
2016-12-27,84.5,84.69,83.95,84.14,1374255
2016-12-28,84.41,84.495,83.305,83.36,1557688
2016-12-29,83.57,83.74,83.11,83.32,1590762
2016-12-30,83.48,83.61,82.5382,82.68,2403317
2017-01-03,83.35,83.85,81.71,82.5,3277092
2017-01-04,82.74,83.395,82.25,82.34,4016215
2017-01-05,82.07,83.07,81.66,81.78,2828243
2017-01-06,81.79,83.02,81.325,82.3,2306221
2017-01-09,82.05,82.7,81.6,82.25,2643139
2017-01-10,82.09,82.42,81.66,81.93,2167964
2017-01-11,82.28,83.42,81.8,82.84,2888140
2017-01-12,82.69,82.76,81.04,81.89,2281641
2017-01-13,81.93,82.65,81.93,82.64,1671459
2017-01-17,82.57,82.9,82.21,82.38,2113874
2017-01-18,82.41,83.095,82.07,83.0,1467468
2017-01-19,83.72,85.29,83.72,84.53,3465151
2017-01-20,84.87,85.76,84.16,84.38,2449777
2017-01-23,84.15,84.53,83.82,84.37,1451988
2017-01-24,84.35,84.97,84.02,84.51,1455829
2017-01-25,84.79,85.7,84.2382,85.61,2094732
2017-01-26,85.79,86.24,85.54,85.84,2148312
2017-01-27,85.97,86.32,85.53,86.08,1693432
2017-01-30,85.83,85.83,84.585,85.26,2251945
2017-01-31,85.24,85.24,84.36,84.6,2461976
2017-02-01,84.49,85.21,84.27,84.64,2241740
2017-02-02,84.4,84.81,83.81,84.5,1803821
2017-02-03,84.77,85.52,84.77,85.45,1386686
2017-02-06,85.46,85.73,85.2029,85.65,1224274
2017-02-07,85.56,86.335,85.55,85.81,1547704
2017-02-08,85.72,86.48,85.3725,86.36,1869495
2017-02-09,86.86,86.97,86.26,86.79,2460783
2017-02-10,86.99,86.99,86.44,86.45,1866767
2017-02-13,86.84,87.42,86.585,87.38,1504163
2017-02-14,87.31,87.91,87.06,87.89,2366781
2017-02-15,87.57,89.46,87.27,89.46,3447087
2017-02-16,89.1,91.07,88.5,89.44,3415883
2017-02-17,89.28,89.66,87.24,89.36,5275189
2017-02-21,88.54,88.88,87.74,87.99,3637138
2017-02-22,87.7,88.03,87.61,87.68,1986798
2017-02-23,87.82,87.99,86.96,87.0,2013454
2017-02-24,87.03,87.59,86.8,87.08,2521731
2017-02-27,86.97,87.65,86.75,87.45,1885192
2017-02-28,87.31,87.749,86.89,86.99,2587163
2017-03-01,87.5,88.93,87.38,88.49,2589460
2017-03-02,88.2,88.22,87.22,87.52,2968450
2017-03-03,87.34,87.6936,86.42,86.79,2061637
2017-03-06,86.58,87.0313,86.06,86.72,2106979
2017-03-07,86.66,86.84,85.93,86.15,1909110
2017-03-08,85.95,86.71,85.63,86.39,2709189
2017-03-09,86.44,87.11,86.05,86.31,1906347
2017-03-10,86.98,87.02,86.03,86.62,2187416
2017-03-13,86.59,87.08,86.42,87.03,2236158
2017-03-14,86.86,86.86,86.25,86.27,2058875
2017-03-15,86.68,88.09,86.67,87.82,2012080
2017-03-16,87.82,88.5,87.35,88.06,1846420
2017-03-17,88.39,88.49,87.89,88.33,3015187
2017-03-20,88.34,89.23,88.31,88.68,2198055
2017-03-21,90.02,91.57,88.67,89.1,5486131
2017-03-22,89.27,92.26,89.05,92.14,4540146
2017-03-23,92.14,93.69,92.08,93.14,4658424
2017-03-24,93.5,93.86,93.25,93.5,2274870
2017-03-27,92.99,93.53,92.4525,93.17,2151673
2017-03-28,93.17,94.99,93.0,94.49,2256913
2017-03-29,94.01,94.7,93.86,94.59,1663239
2017-03-30,94.4,95.42,94.4,94.64,2078584
2017-03-31,94.6,94.975,93.99,94.18,2269717
2017-04-03,94.28,94.53,92.08,92.75,3635615
2017-04-04,92.67,92.99,91.925,92.47,3098026
2017-04-05,92.8,93.2245,91.55,91.96,2686769
2017-04-06,91.9,92.15,91.07,91.77,2516244
2017-04-07,91.73,91.73,90.25,91.21,2954694
2017-04-10,91.04,91.72,90.66,91.06,2152901
2017-04-11,91.16,91.59,90.79,91.4,2732256
2017-04-12,91.98,92.0,90.88,91.75,3416608
2017-04-13,91.7,92.12,91.32,91.55,2244914
2017-04-17,91.91,91.975,91.6,91.95,1283993
2017-04-18,91.59,92.25,90.0,92.02,3102398
2017-04-19,92.09,92.42,91.18,91.49,2025848
2017-04-20,91.96,92.98,90.67,92.77,2792852
2017-04-21,92.77,92.95,92.24,92.47,2521386
2017-04-24,93.65,93.9,93.15,93.52,2085013
2017-04-25,93.99,94.77,93.75,94.57,1637835
2017-04-26,94.56,96.82,94.36,96.3,3614491
2017-04-27,96.32,96.43,95.42,95.74,3655294
2017-04-28,95.91,96.02,93.7,94.42,2859976
2017-05-01,94.72,96.06,94.46,95.58,1676123
2017-05-02,95.92,97.17,95.74,97.1,2483021
2017-05-03,97.2,97.31,96.56,96.99,2387155
2017-05-04,97.19,97.38,96.67,96.88,2571053
2017-05-05,97.22,97.22,96.74,97.05,3038497
2017-05-08,97.09,97.55,95.89,96.37,3955061
2017-05-09,101.2,103.22,99.35,102.5,6721578
2017-05-10,102.34,103.43,101.71,103.24,2611129
2017-05-11,103.08,103.62,102.57,102.82,1622696
2017-05-12,102.77,103.1,102.05,102.45,1958021
2017-05-15,102.4,104.34,102.25,104.06,2416747
2017-05-16,104.51,104.52,103.43,103.99,2406077
2017-05-17,103.07,103.1,102.06,102.11,1944119
2017-05-18,102.13,103.71,101.74,102.53,3512895
2017-05-19,102.57,103.25,102.37,102.82,1977317
2017-05-22,102.93,104.33,102.69,104.22,2016397
2017-05-23,104.12,105.53,103.875,105.49,2867818
2017-05-24,105.95,106.1,105.51,105.88,1655647
2017-05-25,106.0,107.45,106.0,106.53,5163088
2017-05-26,106.69,107.5,106.55,106.9,1794734
2017-05-30,106.65,107.24,106.41,106.74,2129136
2017-05-31,107.01,107.68,106.39,107.65,3013585
2017-06-01,108.0,108.99,107.65,108.68,1778314
2017-06-02,108.89,110.51,108.76,110.06,2886773
2017-06-05,110.1,110.35,107.8,108.19,2194144
2017-06-06,107.32,107.51,104.92,104.99,4531572
2017-06-07,105.5,105.605,103.12,105.12,4503604
2017-06-08,104.56,105.17,102.4,105.08,3320763
2017-06-09,104.98,105.46,101.86,102.42,3629714
2017-06-12,101.79,102.49,100.77,102.07,5035449
2017-06-13,102.55,103.89,102.25,103.88,2978439
2017-06-14,104.38,104.91,102.8568,103.91,2316116
2017-06-15,103.35,104.82,102.54,104.74,1559970
2017-06-16,104.41,105.31,103.97,104.5,3960268
2017-06-19,105.01,106.31,104.64,105.93,1636875
2017-06-20,105.43,105.883,104.16,104.19,1641503
2017-06-21,104.32,104.754,103.67,104.13,1441375
2017-06-22,104.09,104.4,103.39,103.89,1516790
2017-06-23,103.81,104.45,103.32,104.06,6252434
2017-06-26,104.07,105.15,103.51,103.93,2114452
2017-06-27,103.53,103.558,100.89,101.03,2719033
2017-06-28,101.0,102.51,100.47,101.98,2059229
2017-06-29,102.16,102.34,99.08,100.21,3052900
2017-06-30,101.18,101.22,100.28,100.31,2837436
2017-07-03,100.61,101.0,99.92,100.11,1230937
2017-07-05,100.3,101.56,100.05,101.17,2290927
2017-07-06,100.45,100.75,99.38,99.65,1984415
2017-07-07,99.7,100.74,99.43,100.35,2469761
2017-07-10,100.23,100.89,99.56,100.71,1524048
2017-07-11,100.33,100.95,99.83,100.73,1793814
2017-07-12,101.65,102.05,100.68,100.8,1776851
2017-07-13,101.0,101.24,100.46,100.7,1396413
2017-07-14,100.81,101.37,100.17,100.99,1323909
2017-07-17,100.89,101.95,100.61,101.35,1232325
2017-07-18,100.98,102.31,100.64,102.0,1367371
2017-07-19,101.88,102.61,101.451,102.24,1056901
2017-07-20,102.19,102.93,101.91,102.4,1622432
2017-07-21,102.05,103.06,102.02,102.85,1363918
2017-07-24,103.03,103.12,102.61,102.71,1506825
2017-07-25,103.15,103.32,102.64,103.06,1526849
2017-07-26,103.39,104.84,102.47,103.04,2606163
2017-07-27,103.48,104.41,102.98,104.06,2066415
2017-07-28,103.64,104.6124,103.27,103.34,2005157
2017-07-31,103.75,104.97,103.57,104.19,1262836
2017-08-01,104.8,105.55,104.61,105.13,1299592
2017-08-02,104.38,104.74,102.05,103.49,2182793
2017-08-03,103.62,105.19,103.45,103.66,2250594
2017-08-04,104.07,105.05,103.65,105.02,3068939
2017-08-07,107.0,107.6299,105.7,106.17,4861601
2017-08-08,100.95,104.76,100.53,103.95,4618003
2017-08-09,103.1,103.2,101.21,101.35,2779133
2017-08-10,100.96,101.0,99.2,99.52,3912842
2017-08-11,99.5,100.16,98.86,99.4,2154708
2017-08-14,100.19,100.45,99.67,100.07,2578263
2017-08-15,100.32,101.04,99.93,100.4,1603427
2017-08-16,100.6,100.85,99.69,100.3,1906949
2017-08-17,100.18,100.18,97.8,97.84,2579472
2017-08-18,97.8,98.74,96.9,98.03,1581465
2017-08-21,98.16,99.205,97.99,99.08,1494619
2017-08-22,99.21,102.4099,98.86,102.0,2592716
2017-08-23,101.15,101.6999,100.27,100.43,2749752
2017-08-24,100.56,101.03,99.58,99.95,1364972
2017-08-25,100.79,100.97,100.15,100.66,1346355
2017-08-28,100.99,100.99,100.24,100.71,1389257
2017-08-29,99.91,100.54,99.581,100.23,1286210
2017-08-30,100.76,103.75,100.56,103.64,1954360
2017-08-31,103.71,104.3497,102.81,103.58,1837314
2017-09-01,104.02,104.25,103.42,103.8,1258055
2017-09-05,103.67,103.82,101.11,102.28,1886720
2017-09-06,102.68,102.86,101.22,101.8,1263386
2017-09-07,102.13,102.24,101.21,101.76,1661419
2017-09-08,101.73,104.44,101.61,103.43,1876132
2017-09-11,103.82,106.2,103.82,104.63,2974882
2017-09-12,104.66,105.4799,104.29,105.08,1269203
2017-09-13,105.0,106.92,104.71,106.77,1821671
2017-09-14,106.34,106.96,105.65,106.39,3517535
2017-09-15,105.97,105.97,104.39,105.39,2790640
2017-09-18,105.77,106.48,105.45,105.54,2297007
2017-09-19,105.58,107.43,105.072,107.35,2148335
2017-09-20,107.3,108.24,106.84,107.69,3489445
2017-09-21,107.84,108.5,107.33,107.57,1911898
2017-09-22,107.18,108.07,107.0,107.88,1179138
2017-09-25,107.85,109.97,107.43,108.87,3713216
2017-09-26,109.07,109.65,107.96,108.07,2825731
2017-09-27,108.36,108.96,107.43,108.36,3518713
2017-09-28,108.15,110.06,107.96,110.0,1821601
2017-09-29,109.67,111.32,109.2,110.26,3558745
2017-10-02,110.35,111.46,109.7,110.53,1545494
2017-10-03,110.39,110.84,108.99,109.4,2224872
2017-10-04,109.25,109.54,108.31,108.82,2720428
2017-10-05,109.22,111.5,108.87,111.27,3459229
2017-10-06,111.24,111.77,110.74,111.76,1872486
2017-10-09,111.96,112.79,111.7,112.76,1309980
2017-10-10,112.88,114.11,112.46,114.08,1921419
2017-10-11,113.89,114.41,113.69,114.13,1338586
2017-10-12,114.07,114.87,113.65,114.46,1739112
2017-10-13,115.0,115.305,114.4,115.11,1690312
2017-10-16,115.0,115.4,113.815,114.75,4016200
2017-10-17,114.55,115.08,114.17,115.04,744002
2017-10-18,115.32,116.67,115.05,115.77,2472821
2017-10-19,115.35,115.41,114.54,115.2,1695186
2017-10-20,115.49,115.61,114.4,115.02,2545237
2017-10-23,115.06,115.52,114.71,115.31,1409337
2017-10-24,115.77,117.09,115.44,116.81,1703103
2017-10-25,116.11,117.04,115.57,116.33,2885591
2017-10-26,117.53,119.36,116.4,118.81,2637754
2017-10-27,117.41,119.425,117.27,118.87,2067384
2017-10-30,118.67,118.97,117.52,118.52,1841346
2017-10-31,118.62,119.91,118.32,119.48,1712807
2017-11-01,120.51,120.92,119.6,120.16,1381031
2017-11-02,120.44,121.253,119.02,119.64,3713451
2017-11-03,119.69,121.58,119.61,121.55,4043277
2017-11-06,121.34,123.03,120.85,121.98,2838685
2017-11-07,122.21,123.31,120.66,120.89,5253665
2017-11-08,121.0,124.34,119.19,119.98,6163025
2017-11-09,119.26,120.12,118.13,118.81,3317664
2017-11-10,119.04,120.87,118.01,120.11,3377034
2017-11-13,119.67,120.88,119.599,120.39,2387311
2017-11-14,120.08,123.1,119.95,123.06,2141797
2017-11-15,122.91,122.96,121.38,122.26,3043260
2017-11-16,121.94,124.42,121.5001,124.38,3493489
2017-11-17,123.98,125.64,123.77,125.48,4660679
2017-11-20,125.33,126.24,125.06,125.91,1937760
2017-11-21,126.33,128.37,126.33,127.62,3477970
2017-11-22,127.96,128.0,126.07,126.39,2323935
2017-11-24,126.51,127.1,126.38,126.5,729350
2017-11-27,126.33,127.37,126.33,126.93,2560256
2017-11-28,127.25,127.55,126.56,126.9,3065670
2017-11-29,127.25,127.43,125.61,126.49,2721723
2017-11-30,126.14,127.97,125.65,127.0,3102675
2017-12-01,126.03,127.34,124.45,126.86,2371086
2017-12-04,127.71,129.56,127.67,127.73,2128509
2017-12-05,127.92,129.47,127.38,127.53,2065942
2017-12-06,127.74,128.05,127.15,127.3,1698364
2017-12-07,127.21,127.98,126.9042,127.85,1464967
2017-12-08,128.41,129.99,128.39,129.32,4325149
2017-12-11,128.84,129.25,128.0,128.57,1366226
